tree
version=v4
num_class=1
num_tree_per_iteration=1
label_index=0
max_feature_idx=55
objective=regression
feature_names=volume vwap alpha002 alpha003 alpha005 alpha006 alpha007 alpha011 alpha012 alpha013 alpha015 alpha016 alpha018 alpha020 alpha027 alpha030 alpha033 alpha038 alpha040 alpha041 alpha042 alpha044 alpha050 alpha051 alpha053 alpha054 alpha060 alpha083 alpha101 stock_encoded day_encoded time_encoded close_10min close_20min open_10min open_20min past_ret_1 past_ret_2 past_ret_3 past_ret_4 past_ret_5 past_ret_6 past_ret_7 past_ret_8 past_ret_9 past_ret_10 BOP CCI MFI STOCHRSI slowK slowD NATR ADX DI_diff OBV
feature_infos=[1:12619] [24.874450733369851:2393.3433133732533] [-0.99611652092347536:0.989856786446349] [-0.9817956289850055:0.9814074252595798] [-1:-1.4628009712998449e-05] [-0.99926738508946866:0.99858922543114981] [-60:60] [4.320774282751469e-05:2] [-15:20] [-1:-0.0038167938931297708] [-2.988721804511278:-0.033834586466165412] [-1:-0.0038167938931297708] [-1:-0.0038167938931297708] [-1:-5.3735634114067321e-08] [1:1] [0:0.82532574595178665] [0.0037593984962406013:1] [-0.97165991902834004:-8.7768058277990686e-05] [-inf:inf] [-49.389956184698349:19.797101449275488] [0.0037593984962406013:266] [-1.0000000000012932:0.99999999999798983] [-1:-0.034351145038167941] [-20:15] [-200000:100001] [-1:0] [-0.014556233009051211:0.29934479934479935] [-inf:inf] [-0.9999333377774815:0.9999333377774815] [0:24] [16:19] [0:265] none [0:1] [0:1] [0:1] [-0.00952380952380949:0.0097799511002445438] [-0.012618296529968376:0.011673151750972721] [-0.013513513513513487:0.011811023622047223] [-0.015180265654648917:0.013806706114398493] [-0.016731016731016735:0.013806706114398493] [-0.017142857142857126:0.015810276679841806] [-0.017142857142857126:0.016830294530154388] [-0.018975332068311146:0.018232819074333717] [-0.019047619047619091:0.018232819074333717] [-0.019305019305019266:0.019305019305019266] [-1:1] [-333.33333333428078:333.33333333428078] [-1.6477396100194098e-10:100.00000000007678] [0:100.00000000000001] [-7.5791225147744016e-14:100.00000000000119] [2.3408435683652188e-13:100.00000000000107] [0.081558337070749748:0.55690954577701457] [7.9804578677298297:99.997443806808135] [-46.657937630164312:54.885450528579788] [-12376:217655]
tree_sizes=1901 2019 2025 2026 2017 1827 2225 2024 2013 1934 1914 1930 1913 1828 2024 2125 1937 1926 2224 1838 2130 1935 1916 1945 1909 1919 2036 2032 1934 2028 2031 1928

Tree=0
num_leaves=18
num_cat=0
split_feature=20 20 19 20 20 20 16 31 1 19 16 27 38 19 20 20 0
split_gain=0.0121707 0.00493846 0.00310208 0.0030693 0.00126168 0.00104723 0.000824146 0.00060405 0.000545906 0.000526952 0.00043993 0.000379612 0.00035485 0.00017936 0.000161597 0.000128706 8.44314e-05
threshold=0.76831622563329893 13.410526315789477 0.033607767831705722 0.11546123199509656 2.7651654411764715 2.0976935312831393 0.5226889838704647 112.50000000000001 155.15011454094108 -0.86370247108138176 0.54377033436556788 -3.8657972700128265 0.001668057874234852 0.012778112450371639 1.4447496947496949 1.132009958071279 22.500000000000004
decision_type=8 10 10 10 10 10 10 2 8 8 10 8 2 10 10 10 10
left_child=3 2 4 -1 7 15 12 8 -2 -9 -6 -8 13 -5 -11 -4 -15
right_child=1 -3 5 6 10 -7 11 9 -10 14 -12 -13 -14 16 -16 -17 -18
leaf_value=-0.00013943867463273138 3.036540132842281e-05 0.00029692189541928029 0.00011515643836302231 -3.3928601922796523e-05 9.0103635310728966e-05 0.00025272731936953571 7.9952396177200308e-05 -4.2862590658820368e-05 0.00013075407128790371 1.8065409080585511e-05 0.00016826620593933723 1.6008165233459985e-06 -7.2265262512109639e-05 -9.5251945407437449e-06 6.5772397200453944e-05 0.00016085666499175537 2.6554641711020852e-05
leaf_weight=1730 917 1200 1075 1529 1779 1035 1288 947 986 1415 980 937 981 1205 1112 1091 1081
leaf_count=1730 917 1200 1075 1529 1779 1035 1288 947 986 1415 980 937 981 1205 1112 1091 1081
internal_value=5.70715e-05 0.000116239 9.71129e-05 -2.76924e-05 6.63808e-05 0.000175221 -1.56159e-07 3.99627e-05 8.23738e-05 1.67273e-05 0.000117871 4.69617e-05 -2.20131e-05 -9.08823e-06 3.90632e-05 0.000138181 7.53127e-06
internal_weight=21288 12537 11337 8751 8136 3201 7021 5377 1903 3474 2759 2225 4796 3815 2527 2166 2286
internal_count=21288 12537 11337 8751 8136 3201 7021 5377 1903 3474 2759 2225 4796 3815 2527 2166 2286
is_linear=0
shrinkage=1


Tree=1
num_leaves=19
num_cat=0
split_feature=20 20 20 25 15 27 31 25 20 55 20 25 27 27 55 20 31 27
split_gain=0.0100938 0.00354775 0.00310099 0.00162619 0.00096189 0.000920205 0.000751857 0.00074329 0.000433114 0.000386762 0.000299966 0.000318843 0.000251935 0.000250649 0.000199912 0.000169671 0.00014058 0.000127878
threshold=1.1062641150600265 13.410526315789477 0.11546123199509656 -0.66261891353781066 0.034184204525575142 4.1080273351543655 121.50000000000001 -0.50262329198501032 2.8456959706959712 13619.500000000002 0.30383243583467384 -1.0000000180025095e-35 -0.33042327138898536 -10.914800467168172 11600.000000000002 0.48578167115902976 149.50000000000003 10.304691248181951
decision_type=8 10 10 10 10 8 2 10 10 2 10 10 10 10 2 10 2 10
left_child=2 3 -1 6 10 -5 -2 9 16 -6 -4 -12 15 -11 -10 -9 -7 -8
right_child=1 -3 4 5 7 8 17 12 14 13 11 -13 -14 -15 -16 -17 -18 -19
leaf_value=-0.00017802976327078998 4.2167748215168884e-05 0.00021746115767977149 -0.00012798035099757904 0.0001395935339815328 -0.00010122308100360697 5.3207884225032922e-05 -2.0135122224681923e-05 3.4048484282501952e-06 0.00011632254748675266 6.8275969518860669e-06 -0.00010000376151032204 -3.1532054159992296e-05 -2.3405373352171963e-05 -6.1684977343003322e-05 5.6045034860180778e-05 5.8538325739048352e-05 4.2355185180131332e-06 -6.8777172178935872e-05
leaf_weight=1730 1732 1200 898 1541 962 896 1005 898 977 917 1150 1241 1043 957 956 1078 1208 899
leaf_count=1730 1732 1200 898 1541 962 896 1005 898 977 917 1150 1241 1043 957 956 1078 1208 899
internal_value=7.51802e-08 6.59782e-05 -6.30389e-05 4.62484e-05 -4.1282e-05 7.80164e-05 -2.48403e-06 -1.85119e-05 5.45085e-05 -5.29437e-05 -8.18134e-05 -6.44696e-05 1.38291e-05 -2.81539e-05 8.6517e-05 3.34884e-05 2.5096e-05 -4.3108e-05
internal_weight=21288 10414 10874 9214 9144 5578 3636 5855 4037 2836 3289 2391 3019 1874 1933 1976 2104 1904
internal_count=21288 10414 10874 9214 9144 5578 3636 5855 4037 2836 3289 2391 3019 1874 1933 1976 2104 1904
is_linear=0
shrinkage=0.0936603


Tree=2
num_leaves=19
num_cat=0
split_feature=20 20 20 25 27 20 31 20 25 15 20 55 1 27 31 1 31 27
split_gain=0.00830979 0.0033281 0.00221185 0.00136213 0.000857918 0.000672069 0.000605212 0.000596853 0.000551167 0.000396929 0.000360545 0.00031992 0.000273889 0.000258703 0.000254933 0.000207666 0.000166773 0.000125653
threshold=0.76831622563329893 14.379807692307695 0.060891635400573831 -0.66128144040140724 4.7920851329468226 2.6898980087421083 136.50000000000003 0.22810352878393703 -0.50262329198501032 0.0024495303123073585 1.9756567252617028 10812.500000000002 80.390209661365333 -0.43897409237444079 189.50000000000003 115.29845021968528 118.50000000000001 -5.8191546650367769
decision_type=8 10 10 10 8 10 2 10 10 10 10 2 10 8 2 10 2 8
left_child=2 3 -1 6 10 16 9 12 11 -2 -5 -9 -4 -10 -7 -8 -6 -13
right_child=1 -3 7 4 5 14 15 8 13 -11 -12 17 -14 -15 -16 -17 -18 -19
leaf_value=-0.00020498897355999954 -1.1441744758396282e-05 0.00020243090322758989 -5.6738931043044539e-05 7.6713285941789786e-05 3.5499051443756197e-05 0.00010610939556889804 -1.7084100738383172e-05 -0.00011291954106998577 1.8611301372563368e-05 6.8720962384640762e-05 0.00015308259687195737 -2.2921951997350634e-05 -0.00012409990929693139 -3.8318997891866701e-05 3.9559372575550305e-05 -7.4734717038780124e-05 -1.2915380561378084e-05 -7.0887991445661491e-05
leaf_weight=949 1083 1128 925 1374 1009 1154 1349 897 1491 1084 897 1033 1241 1320 899 924 1636 895
leaf_count=949 1083 1128 925 1374 1009 1154 1349 897 1491 1084 897 1033 1241 1320 899 924 1636 895
internal_value=6.81388e-08 4.89581e-05 -6.99721e-05 3.37834e-05 5.96149e-05 3.67634e-05 -6.75911e-06 -5.35478e-05 -3.74851e-05 2.86529e-05 0.000106883 -6.67025e-05 -9.53383e-05 -8.11825e-06 7.69729e-05 -4.05247e-05 5.54924e-06 -4.51942e-05
internal_weight=21288 12537 8751 11409 6969 4698 4440 7802 5636 2167 2271 2825 2166 2811 2053 2273 2645 1928
internal_count=21288 12537 8751 11409 6969 4698 4440 7802 5636 2167 2271 2825 2166 2811 2053 2273 2645 1928
is_linear=0
shrinkage=0.0936603


Tree=3
num_leaves=19
num_cat=0
split_feature=20 20 20 19 25 19 20 20 0 25 31 25 55 30 55 55 1 1
split_gain=0.00695179 0.00241265 0.00212889 0.0019654 0.000897419 0.000849021 0.000903137 0.000365816 0.000354336 0.000317537 0.000316908 0.000251759 0.000228716 0.000211438 0.000171021 0.000168043 0.000147801 0.000117997
threshold=1.1062641150600265 17.851648351648354 0.065855942436115436 0.099992931620217732 -1.0000000180025095e-35 0.04319696677183061 0.26962039678423244 3.4463772282921221 23.500000000000004 -1.0000000180025095e-35 105.50000000000001 -0.50262329198501032 11600.000000000002 17.500000000000004 23986.000000000004 30471.000000000004 146.71379486877797 81.302807260369278
decision_type=8 10 10 10 10 10 10 10 10 10 2 10 2 2 2 2 10 10
left_child=2 3 -1 4 10 9 8 16 -7 14 -2 -8 -9 -12 -4 -11 -6 -13
right_child=1 -3 5 -5 7 6 11 12 -10 15 13 17 -14 -15 -16 -17 -18 -19
leaf_value=-0.00018119698657994524 2.2297516721374605e-05 0.00020150860648073172 -0.00011941942538302899 0.00013818936671412317 4.4450394525031029e-05 -0.0001108305280307538 -1.5823703389499011e-05 0.00011602711227289075 -2.7992200840178139e-05 -6.8853469897246682e-05 -6.0199259205381115e-05 5.7928781114621489e-05 5.1026151652579419e-05 -1.6044799156278021e-06 -6.9084266564853434e-05 -1.3671644251735149e-05 -3.0566689951737144e-06 1.3142188063870487e-05
leaf_weight=1019 1413 898 1133 1529 1562 896 1638 897 917 995 1235 936 1011 961 1244 944 908 1152
leaf_count=1019 1413 898 1133 1529 1562 896 1638 897 917 995 1235 936 1011 961 1244 944 908 1152
internal_value=6.15593e-08 5.47539e-05 -5.23161e-05 4.09038e-05 2.22785e-05 -3.89888e-05 -1.47195e-05 5.07837e-05 -6.89378e-05 -7.01325e-05 -1.22975e-05 1.16591e-05 8.15907e-05 -3.45625e-05 -9.30813e-05 -4.19941e-05 2.69817e-05 3.32243e-05
internal_weight=21288 10414 10874 9516 7987 9855 5539 4378 1813 4316 3609 3726 1908 2196 2377 1939 2470 2088
internal_count=21288 10414 10874 9516 7987 9855 5539 4378 1813 4316 3609 3726 1908 2196 2377 1939 2470 2088
is_linear=0
shrinkage=0.0936603


Tree=4
num_leaves=19
num_cat=0
split_feature=20 20 20 16 16 1 15 28 1 24 13 2 25 13 0 15 10 26
split_gain=0.00572681 0.00196973 0.00178525 0.00134061 0.000738531 0.000582077 0.000368374 0.000291397 0.000271459 0.000245678 0.000203562 0.000162567 0.000164496 0.000124589 0.000121117 9.15642e-05 7.6879e-05 5.8464e-05
threshold=1.132009958071279 13.410526315789477 0.19348201247842825 0.54080963904012924 0.5226889838704647 80.728167663540304 0.23969646782964132 0.99009900990098976 48.358406755805198 2.131628207280321e-13 -0.23343960873191297 -0.17678214102719461 -0.49738630924863253 -0.20121781739288133 42.500000000000007 0.18654788929210883 -1.3749999999999996 -0.0048093057055294966
decision_type=8 10 10 10 10 10 8 10 10 10 8 2 8 10 10 8 8 10
left_child=2 3 5 9 7 -1 14 13 -5 11 -10 -2 -13 -4 -6 17 -14 -15
right_child=1 -3 4 8 6 -7 -8 -9 10 -11 -12 12 16 15 -16 -17 -18 -19
leaf_value=-6.3193165231124372e-05 3.4314224402341128e-05 0.00016319961499675295 -5.5582381981486017e-05 4.8349701130976317e-05 1.2316483403981282e-05 -0.00015078433816983266 -3.4467785062402321e-05 -9.1258722739911754e-05 7.9579988909412371e-05 5.2592430176817352e-05 0.00014171344094694157 -3.080879177372454e-05 2.0708026281602063e-05 -2.7625678802344094e-05 5.9621514415902599e-05 -4.600831063339393e-05 -1.2662846303509394e-05 5.9407294205328033e-06
leaf_weight=1176 1143 1200 1659 934 907 1535 943 995 937 1059 916 1462 1648 903 998 999 957 917
leaf_count=1176 1143 1200 1659 934 907 1535 943 995 937 1059 916 1462 1648 903 998 999 957 917
internal_value=5.55961e-08 5.04389e-05 -4.67827e-05 3.54959e-05 -2.52752e-05 -0.000112792 1.34025e-05 -4.54041e-05 8.95433e-05 1.14664e-05 0.000110301 3.10479e-06 -5.66363e-06 -3.52128e-05 3.71048e-05 -2.32212e-05 8.44424e-06 -1.07072e-05
internal_weight=21288 10256 11032 9056 8321 2711 2848 5473 2787 6269 1853 5210 4067 4478 1905 2819 2605 1820
internal_count=21288 10256 11032 9056 8321 2711 2848 5473 2787 6269 1853 5210 4067 4478 1905 2819 2605 1820
is_linear=0
shrinkage=0.0936603


Tree=5
num_leaves=17
num_cat=0
split_feature=4 37 4 31 28 15 26 28 17 13 1 31 31 30 1 27
split_gain=0.00206932 0.00137748 0.0010008 0.00088401 0.000699165 0.000506859 0.000443932 0.000242735 0.000204687 0.00020302 0.000193578 0.000147588 0.000351976 0.000139316 0.000112269 7.96538e-05
threshold=-0.13870405982257261 0.0020090411898852083 -0.8284939001199495 127.50000000000001 -0.49751243781095406 0.041760718614130408 -0.005620115659771832 0.79982406461438471 -0.10148499666982154 -0.28159345848592188 632.8096279090297 127.50000000000001 83.500000000000014 18.500000000000004 81.41555892101097 -4.5647713315671288
decision_type=10 2 8 2 10 10 10 10 10 8 8 2 2 2 10 10
left_child=1 2 -1 5 10 -2 -5 9 -8 -6 15 12 -11 14 -13 -4
right_child=3 -3 4 6 7 -7 8 -9 -10 11 -12 13 -14 -15 -16 -17
leaf_value=-9.8482816212457671e-05 2.9305389483075869e-05 -0.00010539989598476012 7.3215304617723362e-05 -3.3407524430640157e-05 -4.3026947909866334e-05 0.0001153567770821066 6.4115044334555214e-06 -4.9622858020623457e-05 6.0705413457072238e-05 -1.3151786209686701e-05 9.530730430276185e-06 -9.9133005323626337e-06 5.3152394799186997e-05 1.3508310638612362e-05 -5.2886884538704328e-05 3.4838210207960631e-05
leaf_weight=1026 912 1457 904 1140 1281 1760 1075 1581 1407 1775 1695 1176 1162 958 977 1002
leaf_count=1026 912 1457 904 1140 1281 1760 1075 1581 1407 1775 1695 1176 1162 958 977 1002
internal_value=5.03889e-08 -1.88684e-05 -9.55414e-06 4.51219e-05 -2.2604e-06 8.59901e-05 1.49697e-05 -1.6337e-05 3.71942e-05 -9.15509e-06 3.25664e-05 -1.97899e-06 1.30771e-05 -1.61966e-05 -2.94193e-05 5.3046e-05
internal_weight=21288 14994 13537 6294 12511 2672 3622 8910 2482 7329 3601 6048 2937 3111 2153 1906
internal_count=21288 14994 13537 6294 12511 2672 3622 8910 2482 7329 3601 6048 2937 3111 2153 1906
is_linear=0
shrinkage=0.0936603


Tree=6
num_leaves=21
num_cat=0
split_feature=16 4 38 16 19 25 4 30 4 19 16 1 13 4 4 19 41 24 29 48
split_gain=0.00221055 0.00110448 0.000957011 0.000573193 0.000518589 0.000437407 0.000353105 0.000289918 0.00029947 0.000226642 0.000153351 0.00014289 0.00019313 0.000131255 0.000129827 0.000107862 6.8374e-05 9.04625e-05 4.71227e-05 2.74459e-05
threshold=0.84245414673046259 -0.15817998303150868 0.0033643643360402602 0.47169771018455237 0.061450029738306718 -0.50303950584239565 -0.78261314765513001 18.500000000000004 -0.23043323559283932 0.033607767831705722 0.93889796326544228 81.41555892101097 -0.039934395884846756 -0.018813829303193464 -0.50868737223554217 0.14896614107107634 -0.0012055459473599981 -2000.2499999999925 10.500000000000002 55.269490354432016
decision_type=10 10 2 8 10 8 8 2 8 10 10 10 8 10 10 10 2 10 2 2
left_child=1 2 3 11 5 18 -5 15 -9 10 -2 14 -13 -7 -1 16 -8 -18 -3 -19
right_child=9 4 -4 6 -6 13 7 8 -10 -11 -12 12 -14 -15 -16 -17 17 19 -20 -21
leaf_value=-5.6022927817212613e-05 2.9078698538983427e-05 -3.9108959312113192e-05 -0.00011805411285448092 -6.0639906526745854e-05 8.2501673971078574e-05 1.8389071359991673e-05 3.205007729061765e-06 -3.7620392811532454e-06 7.1527432201958286e-05 0.0001038184471896566 8.1026242645557801e-05 -9.5598861674277505e-05 -3.6812539308222883e-05 6.5236809274652835e-05 -6.1245484404043489e-06 1.4057265152974485e-05 -4.4693635175538895e-05 -2.2651907106506656e-05 -9.7797196755536962e-06 -1.9578389425231437e-07
leaf_weight=926 1112 903 945 926 1056 1266 1051 956 899 1200 905 1035 933 897 905 1238 1191 989 1030 925
leaf_count=926 1112 903 945 926 1056 1266 1051 956 899 1200 905 1035 933 897 905 1238 1191 989 1030 925
internal_value=4.56696e-08 -1.2688e-05 -2.73108e-05 -2.01483e-05 2.39773e-05 8.88629e-06 -6.17734e-06 7.78258e-07 3.27199e-05 7.15788e-05 5.23924e-05 -5.02092e-05 -6.77348e-05 3.78221e-05 -3.1366e-05 -1.02044e-05 -1.74342e-05 -2.4424e-05 -2.34867e-05 -1.18052e-05
internal_weight=21288 18071 12919 11974 5152 4096 8175 7249 1855 3217 2017 3799 1968 2163 1831 5394 4156 3105 1933 1914
internal_count=21288 18071 12919 11974 5152 4096 8175 7249 1855 3217 2017 3799 1968 2163 1831 5394 4156 3105 1933 1914
is_linear=0
shrinkage=0.0936603


Tree=7
num_leaves=19
num_cat=0
split_feature=20 20 20 24 37 20 15 47 16 10 16 29 20 18 30 25 2 47
split_gain=0.0044966 0.00169994 0.00112014 0.000669908 0.00039424 0.000367562 0.000310733 0.000351996 0.000234794 0.000226199 0.000191387 0.000166956 0.000131285 0.000123444 7.71143e-05 8.12579e-05 6.73418e-05 4.34932e-05
threshold=0.76831622563329893 6.5064102564102582 0.060891635400573831 1.0000000000002134 0.0020090411898852083 17.851648351648354 0.037116954313001403 126.12612612614743 0.51234817813765188 -1.0704887218045109 0.52600374453921372 11.500000000000002 0.41018438490348608 -0.43022473570796399 18.500000000000004 -0.49592503941018767 -0.084611512093401245 37.037037037051519
decision_type=8 10 10 10 2 10 10 8 10 8 10 2 10 10 2 10 2 10
left_child=2 3 -1 6 9 -3 7 -2 16 10 14 -9 -12 -5 15 17 -8 -4
right_child=1 5 4 13 -6 -7 8 11 -10 -11 12 -13 -14 -15 -16 -17 -18 -19
leaf_value=-0.00014601411150975757 -4.9453888313216776e-05 7.8507705829449899e-05 -7.0249088176511812e-05 9.2156831726075561e-05 -9.6604833080978482e-05 0.00015403124420144837 2.6558676787613665e-05 3.5816633375772773e-05 5.3903542003840798e-05 -7.5253200022570196e-05 -2.5134851211712953e-05 -1.1012050787139369e-05 2.5004729720310307e-05 4.6749107619586551e-05 -1.3419034696214658e-05 -2.4894510844181818e-05 -6.6358632908994354e-06 -4.1750783628878541e-05
leaf_weight=965 1367 1459 908 921 922 924 901 1155 1595 898 900 1583 933 1226 1015 1283 1323 980
leaf_count=965 1367 1459 908 921 922 924 901 1155 1595 898 900 1583 933 1226 1015 1283 1323 980
internal_value=4.40679e-07 3.6659e-05 -5.07919e-05 1.98253e-05 -3.90684e-05 0.000107796 7.24984e-06 -1.06376e-05 2.64798e-05 -3.13975e-05 -2.48526e-05 8.73809e-06 3.8015e-07 6.62329e-05 -3.59044e-05 -4.30981e-05 6.80705e-06 -5.54625e-05
internal_weight=21258 12454 8804 10071 7839 2383 7924 4105 3819 6917 6019 2738 1833 2147 4186 3171 2224 1888
internal_count=21258 12454 8804 10071 7839 2383 7924 4105 3819 6917 6019 2738 1833 2147 4186 3171 2224 1888
is_linear=0
shrinkage=0.0936603


Tree=8
num_leaves=19
num_cat=0
split_feature=20 31 31 20 19 20 1 31 31 39 1 19 31 31 19 18 19 19
split_gain=0.00381958 0.00199978 0.00137213 0.00101988 0.000783597 0.000743072 0.000659197 0.000548352 0.000496755 0.000346967 0.000282443 0.000242733 0.000241725 0.000328677 0.000125117 0.000182287 5.84897e-05 4.85965e-05
threshold=2.4010309278350519 18.500000000000004 192.50000000000003 0.75528657010014311 0.04319696677183061 10.628289473684214 81.302807260369278 105.50000000000001 48.500000000000007 0.0021108185297564756 155.56950079727861 -0.751510865847976 198.50000000000003 123.50000000000001 0.92363009039178234 -0.3759073090273331 0.21269588446249446 -0.10269223794406911
decision_type=10 2 2 8 10 10 10 2 2 2 10 10 2 2 10 10 10 10
left_child=1 -1 5 6 7 8 12 -5 -2 14 17 -4 13 -3 15 -8 -6 -9
right_child=2 3 11 4 16 -7 9 10 -10 -11 -12 -13 -14 -15 -16 -17 -18 -19
leaf_value=-0.00015282509271862676 2.3487327495394451e-05 6.9449137846204976e-06 -2.9422977470268542e-05 3.814795900268696e-05 3.942667976200579e-05 0.00017553624407118441 -3.6249610605336473e-05 -2.2577922073444133e-05 0.00011217144356819065 -0.00011404418611392535 -6.7894621006744506e-05 3.9401759953604987e-05 2.8352478432394256e-05 -5.6128994746202458e-05 -2.0944610362177065e-05 -9.0883034970498804e-05 7.0283595993448161e-05 5.3002788527643048e-06
leaf_weight=963 900 1502 897 1502 902 972 1184 1271 1443 907 1137 901 1084 1400 1002 980 1347 964
leaf_count=963 900 1502 897 1502 902 972 1184 1271 1443 907 1137 901 1084 1400 1002 980 1347 964
internal_value=3.99207e-07 -2.19422e-05 7.09474e-05 -1.36395e-05 1.21804e-05 0.00010668 -3.6462e-05 -8.91953e-06 7.81106e-05 -6.29617e-05 -2.98883e-05 5.0597e-06 -9.38103e-06 -2.34797e-05 -4.8324e-05 -6.09964e-05 5.79129e-05 -1.05485e-05
internal_weight=21258 16145 5113 15182 7123 3315 8059 4874 2343 4073 3372 1798 3986 2902 3166 2164 2249 2235
internal_count=21258 16145 5113 15182 7123 3315 8059 4874 2343 4073 3372 1798 3986 2902 3166 2164 2249 2235
is_linear=0
shrinkage=0.0936603


Tree=9
num_leaves=18
num_cat=0
split_feature=37 24 7 31 31 31 19 31 15 6 31 19 7 19 17 26 26
split_gain=0.00100256 0.000712477 0.000442053 0.000558484 0.000362915 0.00045917 0.000271217 0.000253511 0.000243047 0.000188822 0.000207595 0.000140814 0.000115181 0.000107691 9.77801e-05 6.80285e-05 5.62652e-05
threshold=0.0030511078011544739 499.99999999993611 0.042580010598009088 120.50000000000001 86.500000000000014 102.50000000000001 -0.12417351445283485 198.50000000000003 0.035249895330260204 -1.0000000180025095e-35 125.50000000000001 -0.085470235268523695 0.27111000502942928 0.35135335041768206 -0.25922276765023344 -0.003455535443768692 -0.0084767940252465732
decision_type=2 10 8 2 2 2 8 2 10 8 2 10 8 8 8 10 10
left_child=1 2 -1 4 8 -6 14 12 11 10 -3 -4 -8 -9 -5 -10 -14
right_child=-2 9 3 6 5 -7 7 13 15 -11 -12 -13 16 -15 -16 -17 -18
leaf_value=-5.6720875162869853e-05 -7.8719896686876311e-05 8.9595942424744158e-05 1.4782514281035828e-05 -6.427279134522013e-05 0.00010487293729355708 1.1388356201161071e-05 -4.8040122539007838e-05 4.3992961241665202e-06 1.6830785286633087e-05 1.7851405073530154e-05 3.2326515254563159e-05 -2.8971037487473142e-05 -2.4009538950061324e-05 4.456629391700098e-05 -2.6353111568011926e-05 5.2069275643723293e-05 6.1069603197838247e-06
leaf_weight=1248 1319 1047 1116 915 903 942 960 1641 1038 1713 1184 1529 1098 911 1719 897 1078
leaf_count=1248 1319 1047 1116 915 903 942 960 1641 1038 1713 1184 1529 1098 911 1719 897 1078
internal_value=3.61817e-07 5.59378e-06 -3.19712e-06 1.33169e-06 2.20761e-05 5.71487e-05 -1.46827e-05 -3.17442e-06 7.94504e-06 4.12483e-05 5.92079e-05 -1.05059e-05 -2.10133e-05 1.87423e-05 -3.95299e-05 3.3172e-05 -9.08453e-06
internal_weight=21258 19939 15995 14747 6425 1845 8322 5688 4580 3944 2231 2645 3136 2552 2634 1935 2176
internal_count=21258 19939 15995 14747 6425 1845 8322 5688 4580 3944 2231 2645 3136 2552 2634 1935 2176
is_linear=0
shrinkage=0.0936603


Tree=10
num_leaves=18
num_cat=0
split_feature=20 31 19 20 19 31 31 20 31 20 31 19 1 20 30 4 19
split_gain=0.00309597 0.00160628 0.00109212 0.000823878 0.000724183 0.000550067 0.000531595 0.000598885 0.00044153 0.000348688 0.000444371 0.00027233 0.000152677 0.000140877 0.00013753 0.000129435 4.48371e-05
threshold=2.4578900709219864 18.500000000000004 0.033607767831705722 0.47607600732600736 0.044813732437702931 198.50000000000003 192.50000000000003 7.014285714285716 105.50000000000001 0.12159512453630102 128.50000000000003 -0.86370247108138176 144.864926022774 0.77426491578646883 17.500000000000004 -0.62889204470321569 0.22463321120218896
decision_type=10 2 10 8 10 2 2 10 2 10 2 8 8 10 2 8 10
left_child=1 -1 6 5 8 9 7 -2 12 -3 15 -10 -5 -6 -13 -11 -15
right_child=2 3 -4 4 13 -7 -8 -9 11 10 -12 14 -14 16 -16 -17 -18
leaf_value=-0.00013659465719706383 2.724909512584816e-05 -9.8754577029968658e-05 0.000154732527400017 -7.8865744669666759e-06 1.4284750461608574e-05 1.3319895207657077e-05 3.6693756633442188e-06 0.00012149634978556154 -7.4218522034169188e-05 1.2318131759447572e-05 -9.0945576708769408e-05 -3.6527145408035254e-05 4.3752676490909247e-05 3.7010095896479783e-05 2.2021757091629951e-06 -3.6298898725577374e-05 6.4314060672638647e-05
leaf_weight=968 1243 1266 953 901 1353 1240 1716 1129 1025 896 989 1759 1134 915 1481 1035 1255
leaf_count=968 1243 1266 953 901 1353 1240 1716 1129 1025 896 989 1759 1134 915 1481 1035 1255
internal_value=3.28078e-07 -1.95995e-05 6.44377e-05 -1.2172e-05 4.00721e-06 -4.14641e-05 4.33853e-05 7.21127e-05 -1.50086e-05 -5.76952e-05 -3.98896e-05 -3.21369e-05 2.08838e-05 3.80154e-05 -1.88206e-05 -1.37344e-05 5.28063e-05
internal_weight=21258 16217 5041 15249 9823 5426 4088 2372 6300 4186 2920 4265 2035 3523 3240 1931 2170
internal_count=21258 16217 5041 15249 9823 5426 4088 2372 6300 4186 2920 4265 2035 3523 3240 1931 2170
is_linear=0
shrinkage=0.0936603


Tree=11
num_leaves=18
num_cat=0
split_feature=20 31 19 20 31 16 37 42 31 31 19 31 20 37 31 31 19
split_gain=0.00265843 0.00135501 0.00112863 0.000691867 0.000540602 0.000443429 0.000347161 0.000286262 0.000272176 0.00026652 0.00017059 0.000192575 0.000153934 0.00013183 0.000106956 8.22778e-05 0.000141465
threshold=1.4104853479853483 24.500000000000004 0.099992931620217732 6.7467948717948731 185.50000000000003 0.5226889838704647 -0.0012730749906807446 0.0030690545114315797 194.50000000000003 129.50000000000003 -0.010511162940026962 117.50000000000001 0.25549516908212561 0.0010085731258747679 126.50000000000001 107.50000000000001 -2.1910201483157716
decision_type=8 2 10 10 2 10 2 2 2 2 10 2 10 2 2 2 10
left_child=1 -1 3 6 -5 7 -2 10 9 -7 11 -3 -12 15 -14 -8 -17
right_child=2 5 -4 4 -6 8 13 -9 -10 -11 12 -13 14 -15 -16 16 -18
leaf_value=-0.00013439825075015825 5.2663819496327325e-05 -1.7490853923733136e-05 0.00012227858566310289 0.00011248699481901084 1.6393160991234982e-05 1.6947663528946006e-05 2.5182934014042257e-05 -7.3383657498256292e-05 4.9180450597324752e-05 -4.4922346724003344e-05 -3.7586177892469902e-05 -7.1924353293930092e-05 2.7014490127739893e-05 -3.3954028423382741e-05 -1.2733478346777351e-05 -3.079876952706561e-05 1.4651297151620781e-05
leaf_weight=976 1252 1149 1217 1206 895 1494 1205 1233 1010 1033 1401 1133 901 954 1742 1046 1411
leaf_count=976 1252 1149 1217 1206 895 1494 1205 1233 1010 1033 1401 1133 901 954 1742 1046 1411
internal_value=2.97498e-07 -2.85941e-05 3.82673e-05 2.5436e-05 7.15576e-05 -1.92866e-05 8.92056e-06 -3.20946e-05 8.08235e-06 -8.33943e-06 -2.40452e-05 -4.45217e-05 -1.24876e-05 -2.94151e-06 8.12374e-07 5.1346e-06 -4.69324e-06
internal_weight=21258 12072 9186 7969 2101 11096 5868 7559 3537 2527 6326 2282 4044 4616 2643 3662 2457
internal_count=21258 12072 9186 7969 2101 11096 5868 7559 3537 2527 6326 2282 4044 4616 2643 3662 2457
is_linear=0
shrinkage=0.0936603


Tree=12
num_leaves=18
num_cat=0
split_feature=20 31 20 31 31 20 31 20 31 4 27 38 18 27 31 25 31
split_gain=0.00219863 0.000958223 0.000787883 0.000406211 0.0006148 0.000577184 0.000396782 0.000542305 0.000493351 0.000341189 0.000253953 0.000197967 0.000189309 0.00015828 0.000116635 0.000104013 7.00994e-05
threshold=1.1062641150600265 24.500000000000004 17.851648351648354 179.50000000000003 26.500000000000004 2.066228070175439 202.50000000000003 0.25549516908212561 126.50000000000001 -0.39991195536451868 6.9752800478437536 -0.0010465727617253171 0.4536843809170365 -0.43897409237444079 91.500000000000014 -0.49698614391840862 229.50000000000003
decision_type=8 2 10 2 2 10 2 10 2 8 8 2 8 8 2 10 2
left_child=1 -1 3 4 -2 15 7 14 9 -9 -7 -5 -8 -10 -3 -6 -13
right_child=2 6 -4 11 5 10 12 8 13 -11 -12 16 -14 -15 -16 -17 -18
leaf_value=-0.00012021267778232578 -3.3181731388259641e-05 -9.4722828642163816e-05 0.00011373412920379392 3.3222901512791672e-05 5.0400879942353876e-06 0.00012021571659278038 3.8262530269442031e-05 4.6975556855961018e-05 -2.6939067156622911e-05 -1.8001225698411247e-05 5.7351069034721252e-05 -2.8880597033882796e-05 -1.6432097089451565e-05 -7.5908559755982064e-05 -5.1790193383794266e-05 4.1245398402677767e-05 3.740077764884165e-06
leaf_weight=926 907 897 924 973 1487 1021 1252 1336 1630 1510 1261 1543 997 899 1462 1310 923
leaf_count=926 907 897 924 973 1487 1021 1252 1336 1630 1510 1261 1543 997 899 1462 1310 923
internal_value=2.69585e-07 -2.90676e-05 3.11953e-05 2.31023e-05 3.78404e-05 5.05256e-05 -2.06121e-05 -3.06817e-05 -1.42486e-05 1.24969e-05 8.54825e-05 -2.54793e-06 1.4011e-05 -4.4351e-05 -6.81199e-05 2.20012e-05 -1.66664e-05
internal_weight=21258 10909 10349 9425 5986 5079 9983 7734 5375 2846 2282 3439 2249 2529 2359 2797 2466
internal_count=21258 10909 10349 9425 5986 5079 9983 7734 5375 2846 2282 3439 2249 2529 2359 2797 2466
is_linear=0
shrinkage=0.0936603


Tree=13
num_leaves=17
num_cat=0
split_feature=16 39 6 31 31 31 15 1 27 17 16 1 31 40 26 31
split_gain=0.000822634 0.00050924 0.000284492 0.000235916 0.000212274 0.000304648 0.000182958 0.000180269 0.000129381 0.000125875 0.000125786 0.000168599 8.74385e-05 8.68223e-05 6.79923e-05 2.41485e-05
threshold=0.53013193360760402 0.0031545741324922054 -1.0000000180025095e-35 125.50000000000001 120.50000000000001 86.500000000000014 0.31226545481119461 155.15011454094108 -48.529091041791141 -0.29476007151706746 0.86523125996810213 42.335932232613779 194.50000000000003 0.001233806761961276 -0.00089484036815066137 203.50000000000003
decision_type=8 2 8 2 2 2 8 10 10 10 8 10 2 2 8 2
left_child=1 4 3 -2 5 6 9 13 -9 -1 -4 -12 -5 14 15 -6
right_child=2 -3 10 12 7 -7 -8 8 -10 -11 11 -13 -14 -15 -16 -17
leaf_value=3.5271454549426075e-05 6.9376131503734193e-05 -6.8149463312620651e-05 -1.3746409629167893e-05 2.5726467080740152e-06 -1.6835172195083571e-05 4.0841841171758818e-05 -3.3909000034087645e-05 -1.1585660572232964e-05 -5.5587465474749994e-05 -1.0200467018668027e-05 2.9619242450982373e-06 5.277051983597682e-05 4.048499017365701e-05 -3.2745660862405936e-05 2.0887170343922163e-05 2.8826346815756919e-06
leaf_weight=912 1637 1371 1572 1036 1329 1564 1484 945 1547 1288 1783 896 1102 898 972 922
leaf_count=912 1637 1371 1572 1036 1329 1564 1484 945 1547 1288 1783 896 1102 898 972 922
internal_value=2.44286e-07 -1.41046e-05 2.39019e-05 4.26148e-05 -7.85666e-06 6.2069e-06 -8.49392e-06 -1.9019e-05 -3.89059e-05 8.64461e-06 7.28161e-06 1.96248e-05 2.21192e-05 -6.99058e-06 1.81872e-07 -8.75385e-06
internal_weight=21258 13232 8026 3775 11861 5248 3684 6613 2492 2200 4251 2679 2138 4121 3223 2251
internal_count=21258 13232 8026 3775 11861 5248 3684 6613 2492 2200 4251 2679 2138 4121 3223 2251
is_linear=0
shrinkage=0.0936603


Tree=14
num_leaves=19
num_cat=0
split_feature=4 38 16 31 31 30 1 4 2 30 4 31 30 30 15 16 31 4
split_gain=0.000687633 0.000649287 0.000410522 0.000245523 0.000320719 0.000380197 0.000200605 0.000198267 0.000212021 0.000196145 0.000282631 0.000188943 0.000167267 0.000114734 0.000111596 0.000104858 8.49888e-05 7.06038e-05
threshold=-0.0044015001841345826 0.0033643643360402602 0.54793233082706772 24.500000000000004 121.50000000000001 18.500000000000004 155.56950079727861 -0.49760776678823521 -0.16548344279188376 18.500000000000004 -0.13591275381672235 84.500000000000014 16.500000000000004 16.500000000000004 0.22859063317090131 0.48356409315972865 190.50000000000003 -0.25361496895517804
decision_type=10 2 8 2 2 2 10 10 2 2 10 2 2 2 8 10 2 8
left_child=1 2 3 -1 7 6 13 11 -9 10 12 -5 -4 -6 -14 -8 -7 -15
right_child=-2 -3 9 4 5 16 15 8 -10 -11 -12 -13 14 17 -16 -17 -18 -19
leaf_value=-5.4131242652604824e-05 7.7096830999450684e-05 -7.1784513403592794e-05 2.5429906718381695e-05 -3.1442158014438504e-05 7.8316592741557467e-06 -1.3756498793973389e-06 -7.6328485664418883e-05 6.6743024739142925e-05 9.4646210096613695e-06 4.8019752084702813e-05 5.037401538103152e-05 2.2211142005012981e-05 7.982265527942833e-06 -4.9395235311334055e-05 -3.3777164679650537e-05 -3.3264907272521676e-05 3.9272249740218326e-05 -1.561623358278486e-05
leaf_weight=1006 954 1177 1195 1233 1099 909 981 939 1432 1583 1145 1080 917 901 1446 1006 895 1369
leaf_count=1006 954 1177 1195 1233 1099 909 981 939 1432 1583 1145 1080 917 901 1446 1006 895 1369
internal_value=-6.15495e-07 -4.26581e-06 -1.1234e-07 -9.70768e-06 -5.9335e-06 -1.84e-05 -3.09264e-05 1.31204e-05 3.21536e-05 1.95009e-05 9.89925e-06 -6.38518e-06 -3.12278e-06 -1.70011e-05 -1.7567e-05 -5.45314e-05 1.87843e-05 -2.90286e-05
internal_weight=21267 20313 19136 12850 11844 7160 5356 4684 2371 6286 4703 2313 3558 3369 2363 1987 1804 2270
internal_count=21267 20313 19136 12850 11844 7160 5356 4684 2371 6286 4703 2313 3558 3369 2363 1987 1804 2270
is_linear=0
shrinkage=0.0936603


Tree=15
num_leaves=20
num_cat=0
split_feature=4 16 38 4 19 19 1 55 2 30 16 19 18 42 1 21 13 16 19
split_gain=0.000624676 0.000550902 0.00026681 0.000231526 0.000227298 0.00022135 0.000206816 0.000185191 0.00015186 0.000117691 0.000107544 9.7644e-05 9.76816e-05 8.01047e-05 7.19532e-05 5.91364e-05 4.69828e-05 4.55009e-05 1.71966e-05
threshold=-0.86173707127033838 0.49793825780667894 0.003192340421195317 -0.10066557780857195 0.37988866590306009 -0.018738772870420913 270.06356015269256 21664.000000000004 0.37261052112623355 18.500000000000004 0.83427796590713432 -0.7956759415826723 -0.076675100333992857 0.0012698417817452736 114.0522183550106 -0.29518684003309476 -0.18551566057886706 0.46698422191843247 0.24042301229997423
decision_type=8 8 2 10 10 10 10 2 2 2 10 10 8 2 10 2 10 10 8
left_child=-1 2 11 4 8 7 -6 -5 9 10 16 -2 15 14 17 -13 18 -14 -3
right_child=1 3 -4 5 6 -7 -8 -9 -10 -11 -12 12 13 -15 -16 -17 -18 -19 -20
leaf_value=-7.454704269665924e-05 -2.8569686354244632e-05 -2.6887685458772115e-05 -6.2583968087993647e-05 5.1423587559360017e-05 6.9585460799042551e-05 7.8080016319598746e-05 1.0527196042122131e-05 -7.5018849980894273e-06 -3.4269374312980642e-05 3.2996000577124734e-05 2.4894930837739939e-05 2.5216909925815702e-05 -2.8643689425967982e-05 -3.6022103365488242e-05 1.3970368485106047e-05 -4.9162573286139287e-06 5.9576158165919652e-06 -2.2378168258689496e-07 -9.7961912545084418e-06
leaf_weight=956 1746 972 904 929 902 910 1230 942 954 1140 1066 1283 1085 956 1120 1029 1126 909 1108
leaf_count=956 1746 972 904 929 902 910 1230 942 954 1140 1066 1283 1085 956 1120 1029 1126 909 1108
internal_value=-5.57749e-07 2.92423e-06 -1.43124e-05 1.6728e-05 9.04983e-06 4.01865e-05 3.55187e-05 2.17501e-05 1.83551e-07 6.25881e-06 -8.7348e-07 -8.94227e-06 -3.57081e-06 -1.23055e-05 -5.02088e-06 1.18007e-05 -9.44502e-06 -1.56936e-05 -1.77886e-05
internal_weight=21267 20311 9032 11279 8498 2781 2132 1871 6366 5412 4272 8128 6382 4070 3114 2312 3206 1994 2080
internal_count=21267 20311 9032 11279 8498 2781 2132 1871 6366 5412 4272 8128 6382 4070 3114 2312 3206 1994 2080
is_linear=0
shrinkage=0.0936603


Tree=16
num_leaves=18
num_cat=0
split_feature=20 19 20 20 19 20 45 19 25 4 20 1 24 27 20 19 1
split_gain=0.00142118 0.000782262 0.000649045 0.000342109 0.000334769 0.000220392 0.000198907 0.000142854 0.00013453 0.000133381 0.000137406 0.000104036 9.36861e-05 8.685e-05 6.56985e-05 6.37552e-05 3.0851e-05
threshold=1.4104853479853483 0.15898727076171329 0.060891635400573831 11.896825396825399 0.04319696677183061 0.25549516908212561 -0.0024676135239225512 -1.5691937405236727 -1.0000000180025095e-35 -0.5311081126981213 0.77426491578646883 81.302807260369278 -501.00000000002484 -0.68866516297886393 0.64883224282079255 -0.012228967100838871 47.609676563082466
decision_type=8 10 10 10 10 10 2 8 10 8 10 10 10 10 10 10 10
left_child=2 3 -1 6 8 -6 -2 -8 13 -7 11 -11 -9 -4 -10 16 -14
right_child=1 -3 4 -5 5 9 7 12 14 10 -12 -13 15 -15 -16 -17 -18
leaf_value=-9.5498828479415049e-05 4.1978072430609196e-05 0.00010452429311315929 -2.9353831744522985e-05 6.1793154699183106e-05 -2.8096773502310671e-05 4.2378021852662319e-05 -3.1902743875187312e-05 -8.7029646061585553e-06 -3.6007953739954047e-05 9.6416561886900831e-06 2.5651921509616825e-05 -3.2923165229551873e-05 -3.3158617291875994e-06 -6.3198423756464137e-05 -4.1366853924520955e-06 3.7789985047928913e-05 2.0888229610367853e-05
leaf_weight=960 1318 1022 1246 1293 1784 934 934 1763 942 945 1338 1078 950 1431 1429 1002 898
leaf_count=960 1318 1022 1246 1293 1784 934 934 1763 942 945 1338 1078 950 1431 1429 1002 898
internal_value=-5.0556e-07 2.7276e-05 -2.16064e-05 1.75972e-05 -1.52302e-05 -4.24189e-07 9.27145e-06 1.49814e-06 -3.30579e-05 1.10675e-05 2.36313e-06 -1.30344e-05 8.26329e-06 -4.74498e-05 -1.68039e-05 1.87625e-05 8.43957e-06
internal_weight=21267 9180 12087 8158 11127 6079 6865 5547 5048 4295 3361 2023 4613 2677 2371 2850 1848
internal_count=21267 9180 12087 8158 11127 6079 6865 5547 5048 4295 3361 2023 4613 2677 2371 2850 1848
is_linear=0
shrinkage=0.0936603


Tree=17
num_leaves=18
num_cat=0
split_feature=20 19 20 19 20 1 36 24 9 20 20 19 26 48 55 20 30
split_gain=0.00116745 0.000642815 0.000533152 0.000277935 0.00027356 0.000198062 0.00018239 0.000140619 0.000135148 0.000118792 0.0001182 0.000117753 9.02084e-05 0.00011054 8.70224e-05 0.00014128 6.11825e-05
threshold=1.4104853479853483 0.14896614107107634 0.060891635400573831 0.11839351798493426 16.480769230769237 61.505200941652184 -0.0018034279767131787 -5000.2499999999991 -0.7954451345755692 0.4419602754765945 0.52314183706588779 -1.5691937405236727 -0.005287487355653004 52.188415374931715 51833.500000000007 2.7651654411764715 17.500000000000004
decision_type=8 10 10 10 10 10 2 10 10 10 10 8 8 2 2 10 2
left_child=2 4 -1 7 6 -5 -2 -4 -7 -9 -10 -8 -11 -14 15 16 -13
right_child=1 -3 3 5 -6 8 11 9 10 12 -12 14 13 -15 -16 -17 -18
leaf_value=-8.6554382894269945e-05 4.9257300158467383e-05 9.3949268564193987e-05 -5.7436053748408126e-05 3.1652170407099389e-05 6.3917911998024454e-05 1.9704973204034931e-05 -2.2788931500552734e-05 -4.0831290897331914e-05 -3.9938162684916641e-05 -3.1227838421868293e-05 2.0353789542771468e-06 -1.0209532587576441e-05 -1.6908519764705103e-05 2.4856834321473122e-05 -1.6345166800757455e-05 4.0429061827077206e-05 1.7105533587221956e-05
leaf_weight=960 896 1043 1088 1476 921 985 1165 1685 1341 1212 1048 1386 1344 948 896 1378 1495
leaf_count=960 896 1043 1088 1476 921 985 1165 1685 1341 1212 1048 1386 1344 948 896 1378 1495
internal_value=-4.58258e-07 2.47214e-05 -1.9583e-05 -1.38039e-05 1.58464e-05 3.03407e-06 9.70933e-06 -2.68158e-05 -9.48196e-06 -2.03933e-05 -2.15206e-05 4.10075e-06 -1.05619e-05 3.61255e-07 1.01798e-05 1.57628e-05 3.96082e-06
internal_weight=21267 9180 12087 11127 8137 4850 7216 6277 3374 5189 2389 6320 3504 2292 5155 4259 2881
internal_count=21267 9180 12087 11127 8137 4850 7216 6277 3374 5189 2389 6320 3504 2292 5155 4259 2881
is_linear=0
shrinkage=0.0936603


Tree=18
num_leaves=21
num_cat=0
split_feature=20 19 20 19 6 48 25 20 45 24 48 29 20 20 10 18 5 10 48 15
split_gain=0.000967054 0.00062032 0.000498863 0.000325154 0.000318132 0.000196961 0.000183626 0.000169001 0.00013575 0.000122044 8.98442e-05 9.51609e-05 5.29261e-05 4.33439e-05 4.38629e-05 4.28365e-05 3.57802e-05 3.44665e-05 2.97657e-05 1.50776e-05
threshold=2.5680415263748602 0.033607767831705722 0.20696390086206898 0.11839351798493426 41.250000000000007 71.356100786633888 -1.0000000180025095e-35 14.379807692307695 -0.0024286590616853228 -1000.8750000000141 57.652607856617124 10.500000000000002 0.66736694677871167 6.2639318885448931 -1.4727443609022552 -0.16817282308416232 0.0052239780146017744 -1.3139097744360901 40.568273454475879 0.066980339090585067
decision_type=8 10 10 10 8 2 10 10 2 10 2 2 10 8 8 10 2 8 2 10
left_child=2 7 4 6 5 -1 9 8 -2 -4 17 -12 -8 -10 -15 19 18 -5 -14 -11
right_child=1 -3 3 10 -6 -7 12 -9 13 15 11 -13 16 14 -16 -17 -18 -19 -20 -21
leaf_value=-5.442352206882972e-05 4.2685341930395912e-05 0.00010243014401539433 -5.94525598382935e-05 -8.5417500742168219e-06 -9.0599607108753682e-05 6.305546099031987e-06 -1.9576458725855079e-05 5.2843306808808511e-05 -1.0898287787961706e-05 -2.0908705771267089e-05 8.0372356461625048e-06 4.827155798409026e-05 -1.4378257303027345e-05 2.4373256068910537e-05 -3.6325857990219144e-06 -3.7816450052503469e-05 1.7478100904174706e-05 1.5599201118982333e-05 8.6402672766006442e-06 -4.2321011332608009e-06
leaf_weight=980 897 905 976 1127 1010 897 1160 1015 1402 1012 943 1140 1054 1002 960 904 1096 961 925 901
leaf_count=980 897 905 976 1127 1010 897 1160 1015 1402 1012 943 1140 1054 1002 960 904 1096 961 925 901
internal_value=-4.15288e-07 3.07864e-05 -1.31999e-05 -4.91334e-06 -4.82108e-05 -2.53957e-05 -1.59359e-05 1.84951e-05 1.03105e-05 -3.09038e-05 1.62993e-05 3.00624e-05 -2.52748e-06 1.67445e-06 1.06644e-05 -2.10086e-05 3.90035e-06 2.56372e-06 -3.61354e-06 -1.30601e-05
internal_weight=21267 6181 15086 12199 2887 1877 8028 5276 4261 3793 4171 2083 4235 3364 1962 2817 3075 2088 1979 1913
internal_count=21267 6181 15086 12199 2887 1877 8028 5276 4261 3793 4171 2083 4235 3364 1962 2817 3075 2088 1979 1913
is_linear=0
shrinkage=0.0936603


Tree=19
num_leaves=17
num_cat=0
split_feature=36 4 31 31 31 31 31 4 48 4 37 4 1 28 2 15
split_gain=0.000425616 0.000346716 0.000274722 0.0003835 0.000301567 0.000379884 0.000216668 0.000202755 0.000236309 0.000154992 0.000134494 7.83105e-05 9.29968e-05 9.52441e-05 6.31935e-05 4.31553e-05
threshold=0.0021019448788979216 -0.0044015001841345826 23.500000000000004 123.50000000000001 85.500000000000014 100.50000000000001 154.50000000000003 -0.78261314765513001 67.897916668597063 -0.26540716035343132 0.0013651883493988051 -0.76012258272139477 256.07455203483909 -0.66335174143582398 -0.049168887893132333 0.11427449793192683
decision_type=2 10 2 2 2 2 2 10 2 8 2 10 10 10 2 8
left_child=1 2 -1 4 7 -6 9 -4 14 -5 11 -8 13 -13 -9 -15
right_child=-2 -3 3 6 5 -7 10 8 -10 -11 -12 12 -14 15 -16 -17
leaf_value=-3.7086346976789047e-05 -5.2113723742789638e-05 5.9109142450460457e-05 -2.5855498634701484e-05 -5.7915943661110682e-05 8.5918906527613148e-05 1.624709746286334e-05 2.2485330906222253e-05 1.8371179152277324e-05 5.6600978871313101e-05 -9.2080428179578795e-06 -3.1905812436068629e-05 3.1791603827843006e-05 -2.1044249694443501e-05 -1.3726357317807196e-05 -1.5155247268682312e-05 9.0360969283859527e-06
leaf_weight=1581 1309 922 1324 1132 1137 1734 1573 896 954 1162 1047 971 1504 1426 1097 1498
leaf_count=1581 1309 922 1324 1132 1137 1734 1573 896 954 1162 1047 971 1504 1426 1097 1498
internal_value=-3.76392e-07 3.01638e-06 2.98962e-07 3.68581e-06 2.03687e-05 4.38431e-05 -7.86642e-06 4.58644e-06 1.82669e-05 -3.32484e-05 -6.03984e-07 4.09507e-06 -1.26086e-06 6.37534e-06 -7.70184e-08 -2.06104e-06
internal_weight=21267 19958 19036 17455 7142 2871 10313 4271 2947 2294 8019 6972 5399 3895 1993 2924
internal_count=21267 19958 19036 17455 7142 2871 10313 4271 2947 2294 8019 6972 5399 3895 1993 2924
is_linear=0
shrinkage=0.0936603


Tree=20
num_leaves=20
num_cat=0
split_feature=37 36 30 35 19 2 4 16 4 4 19 39 19 19 48 11 0 11 48
split_gain=0.000359068 0.000266752 0.00022087 0.000251682 0.00021875 0.000174656 0.000173223 0.000151775 0.000120789 9.64794e-05 7.11087e-05 9.20319e-05 7.59764e-05 7.10244e-05 6.01192e-05 4.65118e-05 4.58794e-05 3.29537e-05 1.03482e-05
threshold=0.0031771267065384694 -0.0025268487657867929 18.500000000000004 1.0000000180025095e-35 0.078605554833595562 -0.41364191302213887 -0.12231941722009303 0.42293233082706772 -0.032931406324612784 -0.34740791667885657 -0.3172092294680055 -0.0015686284159190376 1.4583987281332897 -0.058187429915893311 71.688177337708183 -0.5496025487350954 47.500000000000007 -0.67599113197704741 40.568273454475879
decision_type=2 2 2 2 8 2 8 8 10 10 8 2 8 10 2 10 10 10 2
left_child=1 -1 3 5 13 9 16 15 10 -3 -9 -12 14 -4 17 -7 -6 -13 -19
right_child=-2 2 4 -5 6 7 -8 8 -10 -11 11 12 -14 -15 -16 -17 -18 18 -20
leaf_value=4.7855752049225027e-05 -4.9933649417690547e-05 3.5654975450344002e-07 1.3201497326369778e-05 -5.1417216184362308e-05 3.5039722432605834e-06 -1.5727929461611335e-05 6.808335054395273e-05 -2.2539144142883199e-05 2.7955213447896032e-05 3.8196873730621062e-05 2.501619963908604e-05 -2.0689423182395279e-05 -2.7712465876444276e-05 -2.255523294241203e-05 1.9672341050780666e-05 -4.3251831482998823e-05 3.3207435911203702e-05 -6.6882615920568821e-06 7.3569630964174729e-06
leaf_weight=1083 1208 1103 898 985 929 1070 913 1749 1048 1275 990 997 1121 1065 1006 1088 898 905 936
leaf_count=1083 1208 1103 898 985 929 1070 913 1749 1048 1275 990 997 1121 1065 1006 1088 898 905 936
internal_value=-3.41139e-07 2.64488e-06 6.40071e-08 -5.73571e-06 1.76678e-05 -2.34863e-06 3.47657e-05 -7.36255e-06 -1.87569e-06 2.06499e-05 -5.93514e-06 -1.05662e-06 -6.25769e-06 -6.19213e-06 0 -2.96099e-05 1.81099e-05 -6.97467e-06 4.46501e-07
internal_weight=21267 20059 18976 14273 4703 13288 2740 10910 8752 2378 7704 5955 4965 1963 3844 2158 1827 2838 1841
internal_count=21267 20059 18976 14273 4703 13288 2740 10910 8752 2378 7704 5955 4965 1963 3844 2158 1827 2838 1841
is_linear=0
shrinkage=0.0936603


Tree=21
num_leaves=18
num_cat=0
split_feature=4 4 28 2 11 29 4 4 1 1 8 48 47 11 15 7 15
split_gain=0.000282972 0.000243792 0.000152202 0.000139191 0.000177705 0.000116942 0.000214921 0.000166431 0.000100329 0.000130577 8.06648e-05 7.37502e-05 5.04501e-05 4.92156e-05 4.40246e-05 3.3553e-05 1.51424e-05
threshold=-0.85343287591502304 -0.0039355656249802796 -0.49912680835374101 0.0045549474739788858 -0.20543438749545617 14.500000000000002 -0.22691700067288842 -0.68863549925397138 270.34221719984066 82.587236522691711 1.0000000180025095e-35 63.506207012555819 174.60317460314982 -1.0000000180025095e-35 0.02886358855478036 0.20491632100472409 0.12286126744984543
decision_type=8 10 10 2 10 2 10 10 8 10 10 2 8 8 10 10 10
left_child=-1 2 8 4 5 7 12 -4 9 -2 14 -9 -7 -10 -5 -16 -17
right_child=1 -3 3 10 -6 6 -8 11 13 -11 -12 -13 -14 -15 15 16 -18
leaf_value=-4.8644114273694589e-05 1.0137513088097247e-05 4.96409042140796e-05 4.2754790213065411e-05 -2.8483632524928815e-05 -2.8793254017042457e-05 -3.4348490129521235e-05 3.2428489671254278e-05 -8.9205525339887037e-06 -1.7302861725319425e-05 5.3554404677354177e-05 -3.9188616338086069e-05 2.1522053562847515e-05 -7.3738788512024124e-06 1.0632950124913271e-05 9.475021586475698e-06 -5.1607127851633136e-06 -2.0720096251064974e-05
leaf_weight=1018 1591 899 1508 977 1402 1167 940 1612 896 984 1148 1231 1273 1446 907 1276 966
leaf_count=1018 1591 899 1508 977 1402 1167 940 1612 896 984 1148 1231 1273 1446 907 1276 966
internal_value=-4.61301e-07 1.9636e-06 -2.5388e-07 -5.11048e-06 1.88421e-06 7.44895e-06 -5.618e-06 1.76024e-05 1.39739e-05 2.6733e-05 -1.72253e-05 4.25694e-06 -2.02799e-05 -4.99087e-08 -1.11116e-05 -5.71827e-06 -1.18697e-05
internal_weight=21241 20223 19324 14407 9133 7731 3380 4351 4917 2575 5274 2843 2440 2342 4126 3149 2242
internal_count=21241 20223 19324 14407 9133 7731 3380 4351 4917 2575 5274 2843 2440 2342 4126 3149 2242
is_linear=0
shrinkage=0.0936603


Tree=22
num_leaves=18
num_cat=0
split_feature=20 31 31 20 31 31 1 31 55 31 20 38 20 44 55 31 47
split_gain=0.000602117 0.000664365 0.000459725 0.000287342 0.000372943 0.000370257 0.00024954 0.000234066 0.000166005 0.000161032 0.00021077 0.000106364 8.90689e-05 6.01511e-05 5.38213e-05 3.351e-05 2.78124e-05
threshold=6.2639318885448931 20.500000000000004 193.50000000000003 0.47607600732600736 122.50000000000001 223.50000000000003 155.56950079727861 86.500000000000014 9407.5000000000018 123.50000000000001 0.16008658008658014 -0.0012247402020783558 1.5055617352614019 0.0010095913728607189 7314.5000000000009 171.50000000000003 16.66666666666605
decision_type=10 2 2 8 2 2 8 2 2 2 10 2 8 2 2 2 8
left_child=1 -1 -2 5 7 9 11 8 -5 10 -3 -6 -8 -11 -14 -13 -17
right_child=2 3 -4 4 6 -7 12 -9 -10 13 -12 15 14 -15 -16 16 -18
leaf_value=-7.3543868746024429e-05 7.3626833308161911e-05 -4.6944598194094434e-05 -1.010903581489237e-05 -1.3136324665209733e-05 3.7430537397221652e-05 3.4868932891435765e-05 -4.5464830121673268e-05 5.7192371559717764e-05 3.1045603761290222e-05 -6.9407852221720393e-05 6.4839798024941627e-06 1.433266886371239e-05 -2.6819948443892646e-05 -3.521183172883477e-05 3.0246917878236404e-06 4.5545902579050065e-06 -1.6568266451560236e-05
leaf_weight=1201 1571 1118 907 1288 900 910 1225 1543 1772 900 1539 1114 1217 909 938 1134 1055
leaf_count=1201 1571 1118 907 1288 900 910 1225 1543 1772 900 1539 1114 1217 909 938 1134 1055
internal_value=-4.18145e-07 -6.14937e-06 4.29732e-05 -1.53987e-06 6.41676e-06 -1.95776e-05 -6.34778e-06 2.74475e-05 1.24451e-05 -3.06742e-05 -1.59932e-05 8.88667e-06 -2.5295e-05 -5.2231e-05 -1.38244e-05 1.10565e-06 -5.62055e-06
internal_weight=21241 18763 2478 17562 12186 5376 7583 4603 3060 4466 2657 4203 3380 1809 2155 3303 2189
internal_count=21241 18763 2478 17562 12186 5376 7583 4603 3060 4466 2657 4203 3380 1809 2155 3303 2189
is_linear=0
shrinkage=0.0936603


Tree=23
num_leaves=18
num_cat=0
split_feature=20 36 19 10 20 19 1 25 0 20 38 37 19 20 27 19 0
split_gain=0.000497575 0.00036578 0.000355082 0.000268125 0.000202003 0.00020483 0.000316756 0.000157734 0.000131266 0.000143968 0.00010102 6.20224e-05 6.07137e-05 3.45946e-05 2.54219e-05 2.38116e-05 2.10706e-05
threshold=2.6898980087421083 0.002010052281560815 0.029176127848678849 -0.96428571428571386 0.22810352878393703 0.35135335041768206 255.07307051824014 -0.99083415134636466 20.500000000000004 9.1396103896103913 -0.0016220610831632063 0.0013114759737601347 0.044813732437702931 1.3616202945990181 -16.001673296307306 -0.17214822402593907 3.5000000000000004
decision_type=10 2 10 8 8 10 10 10 10 10 2 2 8 10 10 10 10
left_child=1 3 8 4 7 10 -7 -1 -2 -10 -6 12 13 15 16 -12 -14
right_child=2 -3 -4 -5 5 6 -8 -9 9 -11 11 -13 14 -15 -16 -17 -18
leaf_value=-7.5826841971590855e-07 3.2638263574039962e-05 -5.8223050877027968e-05 7.9108649263356391e-05 -4.2523800614541818e-05 2.4059284443444389e-05 6.9928418547518731e-05 -2.0603475836199306e-06 -4.9104539081625682e-05 -2.3426320695656614e-05 2.6187908927473253e-05 -2.6843167108887397e-05 -2.4620284478474982e-05 1.1190241028445913e-05 2.6896584448908333e-06 2.1367716536668077e-05 -8.2383577786009603e-06 -7.9290397973174291e-06
leaf_weight=1177 1774 1185 904 1450 1219 990 1169 1192 1188 903 1008 1189 1145 1395 938 1510 905
leaf_count=1177 1774 1185 904 1450 1219 990 1169 1192 1188 903 1008 1189 1145 1395 938 1510 905
internal_value=-3.78932e-07 -8.09271e-06 2.62619e-05 -4.20603e-06 -1.89838e-07 4.95277e-06 3.09446e-05 -2.50892e-05 1.38984e-05 -1.995e-06 -1.07421e-06 -4.86271e-06 -1.45697e-06 -9.13513e-06 8.59437e-06 -1.56907e-05 2.7443e-06
internal_weight=21241 16472 4769 15287 13837 11468 2159 2369 3865 2091 9309 8090 6901 3913 2988 2518 2050
internal_count=21241 16472 4769 15287 13837 11468 2159 2369 3865 2091 9309 8090 6901 3913 2988 2518 2050
is_linear=0
shrinkage=0.0936603


Tree=24
num_leaves=18
num_cat=0
split_feature=36 30 31 31 1 31 31 4 30 48 1 30 16 48 4 31 26
split_gain=0.000274559 0.000200967 0.000382885 0.000646256 0.00024314 0.00024344 0.000243106 0.000220851 0.000153904 0.00014308 0.000140785 0.000121375 8.35318e-05 7.55874e-05 5.45895e-05 3.69337e-05 3.6127e-05
threshold=0.002010052281560815 18.500000000000004 115.50000000000001 22.500000000000004 255.07307051824014 168.50000000000003 90.500000000000014 -0.11062432345455077 16.500000000000004 62.344585768694522 633.28681944428092 17.500000000000004 0.50960120890461458 51.879880429392436 -0.24991954594657848 180.50000000000003 -0.0022476645539519645
decision_type=2 2 2 2 10 2 2 10 2 2 8 2 8 2 10 2 8
left_child=1 2 3 -1 8 -6 -3 10 12 16 13 14 -4 -5 -10 -13 -8
right_child=-2 6 4 7 5 -7 9 -9 11 -11 -12 15 -14 -15 -16 -17 -18
leaf_value=-4.6231192299212217e-05 -4.11212818362246e-05 -1.0560218009820641e-05 -2.1596372785943545e-06 1.2221721732000079e-05 -7.9353166093022403e-05 -1.9146577917674453e-05 4.8435660553544324e-06 6.6976702108572077e-05 -4.9104443001113511e-05 5.710113067788512e-05 -9.4135523765335054e-06 1.4049556507562274e-05 3.6480104468780607e-05 4.2456676288139572e-05 -1.7519034902204227e-05 -1.1403674040572481e-05 3.0267830524392288e-05
leaf_weight=1244 1356 1650 1047 1257 895 1726 997 1065 940 1337 1108 899 923 1719 984 1127 967
leaf_count=1244 1356 1650 1047 1257 895 1726 997 1065 940 1337 1108 899 923 1719 984 1127 967
internal_value=-3.43491e-07 2.43667e-06 -2.98411e-06 1.43491e-05 -1.59595e-05 -3.97098e-05 1.879e-05 2.89876e-05 -5.44249e-06 3.3464e-05 1.90782e-05 -1.61087e-05 1.59385e-05 2.96898e-05 -3.29564e-05 -1.0373e-07 1.73672e-05
internal_weight=21241 19885 14934 6393 8541 2621 4951 5149 5920 3301 4084 3950 1970 2976 1924 2026 1964
internal_count=21241 19885 14934 6393 8541 2621 4951 5149 5920 3301 4084 3950 1970 2976 1924 2026 1964
is_linear=0
shrinkage=0.0936603


Tree=25
num_leaves=18
num_cat=0
split_feature=36 30 31 31 1 31 31 24 30 26 31 30 30 31 16 25 17
split_gain=0.000226589 0.000173851 0.000327226 0.000533129 0.000214053 0.000224681 0.000200562 0.000212921 0.000150999 0.00020493 0.000136359 0.000129362 0.000107151 9.3639e-05 7.18579e-05 4.90405e-05 3.57154e-05
threshold=0.0031670645348953479 18.500000000000004 115.50000000000001 22.500000000000004 255.07307051824014 168.50000000000003 196.50000000000003 1.0000000000002134 17.500000000000004 -0.0097955515923047864 90.500000000000014 16.500000000000004 17.500000000000004 80.500000000000014 0.50960120890461458 -0.49698614391840862 -0.10367887633670099
decision_type=2 2 2 2 10 2 2 8 2 10 2 2 2 2 8 10 8
left_child=1 2 3 -1 11 -6 7 10 9 -5 -3 14 15 -11 -4 -13 -14
right_child=-2 6 4 8 5 -7 -8 -9 -10 13 -12 12 16 -15 -16 -17 -18
leaf_value=-4.1507363606931525e-05 -4.557031204952176e-05 -3.618091089033592e-05 -2.2916680081686887e-06 -7.2282689082193704e-08 -7.4841416638313758e-05 -1.7673360899940658e-05 4.7920651741903978e-05 3.7501061017869379e-05 3.1251686945547866e-06 6.4397667265619061e-05 8.3128409333553833e-06 -4.5953681142577886e-05 -1.1390802396339808e-05 2.7460157774231093e-05 3.3260422840083751e-05 -1.6286743574646578e-05 1.3475086342503341e-05
leaf_weight=1286 928 1032 1081 960 914 1775 1337 1230 1737 1615 1457 951 1109 962 925 1009 933
leaf_count=1286 928 1032 1081 960 914 1775 1337 1230 1737 1615 1457 951 1109 962 925 1009 933
internal_value=-3.11369e-07 1.75573e-06 -3.23164e-06 1.25609e-05 -1.5145e-05 -3.71091e-05 1.68079e-05 5.61963e-06 2.57469e-05 3.68531e-05 -1.01308e-05 -5.31259e-06 -1.50441e-05 5.06132e-05 1.40964e-05 -3.0687e-05 -2.39531e-08
internal_weight=21241 20313 15257 6560 8697 2689 5056 3719 5274 3537 2489 6008 4002 2577 2006 1960 2042
internal_count=21241 20313 15257 6560 8697 2689 5056 3719 5274 3537 2489 6008 4002 2577 2006 1960 2042
is_linear=0
shrinkage=0.0936603


Tree=26
num_leaves=19
num_cat=0
split_feature=20 20 19 21 20 36 19 1 37 19 0 10 1 12 1 11 10 20
split_gain=0.000447305 0.000303053 0.000276207 0.000268264 0.000156239 0.000131471 0.000111868 0.000103242 9.73901e-05 0.000102827 0.000106295 7.0804e-05 4.75168e-05 4.65336e-05 5.5457e-05 3.57069e-05 3.05999e-05 3.0146e-05
threshold=0.71981228887843685 17.851648351648354 0.66181940744111867 1.0000000180025095e-35 0.071570859419465019 -0.0018083182640144522 0.34038787781909724 255.30570859672221 0.001809956233456478 0.029176127848678849 16.500000000000004 -1.4257518796992481 80.324688806197841 -0.17167667916346716 115.00279014442202 -0.61490369680024848 -1.4877819548872175 2.2331715210355991
decision_type=8 10 10 2 10 2 10 10 2 8 10 10 8 8 10 10 10 10
left_child=3 2 5 4 -1 -2 13 -8 9 10 17 -12 -11 14 15 -6 -14 -7
right_child=1 -3 -4 -5 6 8 7 -9 -10 12 11 -13 16 -15 -16 -17 -18 -19
leaf_value=-4.7093158580954213e-05 3.0600761201988525e-05 6.2514994191300782e-05 5.3018016881317097e-05 -6.153457605123789e-05 -2.3170521963574898e-05 -5.7782327330968418e-07 3.6621912504197021e-05 -8.3320737995798277e-06 -3.006720998245195e-05 2.9535581694674163e-05 -3.2784330834706239e-05 -4.3961639388341739e-06 -5.3069276260047027e-06 3.4172401114779392e-06 -3.4094907495041471e-05 1.9150035341084179e-06 1.7777858838038114e-05 1.9807636510722498e-05
leaf_weight=914 1272 912 1027 1057 902 1513 895 897 940 1222 1448 1650 1017 1060 1312 1109 997 1097
leaf_count=914 1272 912 1027 1057 902 1513 895 897 940 1222 1448 1650 1017 1060 1312 1109 997 1097
internal_value=-2.82256e-07 1.04371e-05 6.53767e-06 -1.75153e-05 -1.09503e-05 2.25777e-06 -5.59876e-06 1.41136e-05 -1.38863e-06 1.62419e-06 -5.93586e-06 -1.76684e-05 1.49629e-05 -1.36608e-05 -1.91118e-05 -9.3311e-06 6.11527e-06 7.98601e-06
internal_weight=21241 13095 12183 8146 7089 11156 6175 1792 9884 8944 5708 3098 3236 4383 3323 2011 2014 2610
internal_count=21241 13095 12183 8146 7089 11156 6175 1792 9884 8944 5708 3098 3236 4383 3323 2011 2014 2610
is_linear=0
shrinkage=0.0936603


Tree=27
num_leaves=19
num_cat=0
split_feature=20 20 17 37 3 20 17 4 25 29 55 29 55 48 55 18 29 38
split_gain=0.000385166 0.000308991 0.000231567 0.000165846 0.000107533 0.000133627 0.000130261 0.000106532 0.000102459 0.000160844 0.000141226 8.43266e-05 8.19142e-05 7.24866e-05 0.000108217 6.2903e-05 4.70121e-05 3.41974e-05
threshold=6.2639318885448931 0.060891635400573831 -0.17356912303127417 0.0032077005391611961 -0.37220259299613273 0.48578167115902976 -0.16965225106784468 -0.41998860866067139 -1.0000000180025095e-35 15.500000000000002 150.50000000000003 11.500000000000002 2888.0000000000005 40.568273454475879 12723.000000000002 -0.17046409418014083 10.500000000000002 -0.0012714563307694158
decision_type=10 8 10 2 2 8 10 8 8 2 2 2 2 2 2 10 2 2
left_child=1 -1 -2 4 16 6 11 -7 9 15 -10 -6 -12 17 -15 -9 -3 -14
right_child=2 3 -4 -5 5 7 -8 8 10 -11 12 -13 13 14 -16 -17 -18 -19
leaf_value=-5.6972576723939095e-05 6.8257472311969544e-05 5.0071710206856109e-06 1.019128326479738e-05 -4.0378592393686675e-05 9.4983487078979684e-06 3.3229203471524992e-05 -4.7126587173973474e-05 1.5018765176706355e-05 3.9354180754385556e-05 -4.2844164748062074e-05 -2.4643920253513469e-05 -2.2252877674369349e-05 7.7045685244918268e-06 4.0827568867519653e-05 9.1104736202865979e-07 -1.7645937461980319e-05 3.3422613469646189e-05 -1.5288042890848591e-05
leaf_weight=947 1035 960 1443 939 1354 914 979 1223 975 1107 930 1601 948 993 1491 896 1094 1412
leaf_count=947 1035 960 1443 939 1354 914 979 1223 975 1107 930 1601 948 993 1491 896 1094 1412
internal_value=-2.55819e-07 -4.83978e-06 3.44486e-05 -2.06806e-06 6.27896e-08 -2.71953e-06 -1.75147e-05 2.62469e-06 -1.78446e-07 -1.39093e-05 6.38318e-06 -7.70046e-06 8.13737e-07 5.70367e-06 1.68725e-05 1.20149e-06 2.01473e-05 -6.04727e-06
internal_weight=21241 18763 2478 17816 16877 14823 3934 10889 9975 3226 6749 2955 5774 4844 2484 2119 2054 2360
internal_count=21241 18763 2478 17816 16877 14823 3934 10889 9975 3226 6749 2955 5774 4844 2484 2119 2054 2360
is_linear=0
shrinkage=0.0936603


Tree=28
num_leaves=18
num_cat=0
split_feature=20 19 31 31 1 31 19 10 20 20 31 19 1 0 19 10 9
split_gain=0.000412406 0.000420297 0.000330722 0.000245542 0.000606064 0.000466367 0.000246776 0.000214648 0.000148471 0.000113919 0.000135221 9.95082e-05 7.48374e-05 6.45515e-05 7.97638e-05 6.12059e-05 5.47808e-05
threshold=0.71981228887843685 0.66181940744111867 225.50000000000003 120.50000000000001 144.45884022116192 23.500000000000004 -0.11076020381943862 -1.1325187969924808 2.2801869158878509 0.092712431156569644 123.50000000000001 0.15898727076171329 247.89367454501166 33.500000000000007 -1.9426941431019029 -1.4389097744360899 -0.83766306792622569
decision_type=8 10 2 2 10 2 10 10 10 10 2 10 10 10 10 10 10
left_child=2 3 7 4 5 -2 13 9 -7 -1 12 -12 -11 14 16 -8 -5
right_child=1 -3 -4 6 -6 8 15 -9 -10 10 11 -13 -14 -15 -16 -17 -18
leaf_value=-4.42123361835672e-05 -5.2740764416369511e-05 6.7972554813560239e-05 3.190221236044468e-05 -8.6712019863377903e-06 8.4639326183550589e-05 3.7132339632218832e-06 3.3561687933245769e-05 -6.4040561387697698e-05 4.5685524192110515e-05 -8.6610698025818484e-06 -4.3644112379766006e-05 -5.5292589139789406e-06 2.3434536903007872e-05 -3.8805706123637865e-05 9.0684272217553601e-06 5.2254967335340993e-06 -4.0297721296124368e-05
leaf_weight=1049 924 1074 1136 1033 1081 1573 1128 947 1396 1571 1319 1105 1072 1106 1010 1645 900
leaf_count=1049 924 1074 1136 1033 1081 1573 1128 947 1396 1571 1319 1105 1072 1106 1010 1645 900
internal_value=1.4189e-06 1.18783e-05 -1.49979e-05 6.77009e-06 2.25959e-05 5.36487e-06 -4.76701e-06 -2.25428e-05 2.34521e-05 -1.61155e-05 -1.02965e-05 -2.62738e-05 4.35265e-06 -1.95101e-05 -1.22549e-05 1.67561e-05 -2.34022e-05
internal_weight=21069 12870 8199 11796 4974 3893 6822 7063 2969 6116 5067 2424 2643 4049 2943 2773 1933
internal_count=21069 12870 8199 11796 4974 3893 6822 7063 2969 6116 5067 2424 2643 4049 2943 2773 1933
is_linear=0
shrinkage=0.0936603


Tree=29
num_leaves=19
num_cat=0
split_feature=20 20 21 37 48 21 0 47 8 47 20 4 20 4 11 44 13 0
split_gain=0.000385383 0.00023418 0.000225482 0.000149471 0.000146712 0.000121567 0.000105837 9.55996e-05 8.28534e-05 7.58552e-05 7.02536e-05 6.74836e-05 5.13238e-05 7.41813e-05 4.27308e-05 4.12894e-05 4.94758e-05 2.80114e-05
threshold=17.851648351648354 0.71981228887843685 0.023050095966126397 -0.0026791802749165368 61.928534209058448 -0.22398724774051057 11.500000000000002 119.94152046782661 0.074999999999999303 47.619047619025146 0.20696390086206898 -0.44929931833474729 1.5055617352614019 -0.11996489260835726 -0.57352317693612198 -0.0016260162601626214 -0.24747707701525021 34.500000000000007
decision_type=10 8 2 2 2 2 10 8 10 8 10 10 8 8 8 2 10 8
left_child=1 2 6 -3 8 -6 9 10 12 -1 -8 -12 13 -5 -14 -16 -17 -7
right_child=-2 3 -4 4 5 17 7 -9 -10 -11 11 -13 14 -15 15 16 -18 -19
leaf_value=-3.6091554352964432e-06 6.1009411453755837e-05 4.2360036032477824e-05 -5.4824606458281525e-05 3.452273770441429e-06 4.4087751129496851e-05 1.66200847981606e-05 -2.5148707560848776e-05 2.4474094278485575e-05 -2.9480596916710229e-05 -3.8649987879680655e-05 1.6529368631594261e-05 -1.3773887842825467e-05 -8.806238415951593e-06 -3.1166161548700449e-05 2.8271870125475714e-05 -7.3422548540950167e-06 2.0555402773447243e-05 -4.4597189588390677e-06
leaf_weight=908 907 962 1019 1268 1193 1216 1257 1087 937 1347 1331 1250 1221 949 941 1268 995 1013
leaf_count=908 907 962 1019 1268 1193 1216 1257 1087 937 1347 1331 1250 1221 949 941 1268 995 1013
internal_value=1.28595e-06 -1.40019e-06 -1.35935e-05 6.95569e-06 3.85868e-06 1.99559e-05 -7.74028e-06 -4.34768e-08 -3.4079e-06 -2.45454e-05 -6.99028e-06 1.84889e-06 2.68537e-07 -1.13613e-05 6.09781e-06 1.1781e-05 4.91888e-06 7.03504e-06
internal_weight=21069 20162 8199 11963 11001 3422 7180 4925 7579 2255 3838 2581 6642 2217 4425 3204 2263 2229
internal_count=21069 20162 8199 11963 11001 3422 7180 4925 7579 2255 3838 2581 6642 2217 4425 3204 2263 2229
is_linear=0
shrinkage=0.0936603


Tree=30
num_leaves=19
num_cat=0
split_feature=30 7 8 30 23 10 3 13 11 13 55 15 55 11 26 25 43 26
split_gain=0.000143326 0.000209242 0.000184107 0.000128886 0.000148489 0.000111177 9.26629e-05 8.5286e-05 8.41021e-05 6.35925e-05 8.39728e-05 6.65952e-05 6.07212e-05 6.02174e-05 5.07156e-05 4.5551e-05 3.9798e-05 1.11368e-05
threshold=18.500000000000004 0.047192937267145345 -0.12500000000000352 16.500000000000004 0.10000000000000499 -1.6832706766917289 -0.30977266455025526 -0.06058782223664861 -0.76184860736747517 -0.45379432387290697 4492.5000000000009 0.076698238584324799 12132.000000000002 -0.72509541984732817 -0.00089484036815066137 -0.33333333333332538 -0.0012202567080615843 0.00045161180991132646
decision_type=2 8 10 2 10 10 2 10 10 8 2 8 2 10 8 10 2 8
left_child=1 -1 -2 4 5 -3 -4 9 -9 -5 -11 -12 -7 -8 -15 -10 -13 -18
right_child=2 3 6 7 -6 12 13 8 15 10 11 16 -14 14 -16 -17 17 -19
leaf_value=-3.9405591635609671e-05 5.2057723247686085e-05 3.1074353076096098e-05 3.2837188387155713e-05 -2.0501653882573913e-05 4.6811636929975419e-05 -1.8504964108967565e-05 -2.0105440290824424e-05 5.9554733867350194e-06 -4.1524314643369686e-05 -1.5650115419909793e-05 2.9975080303336721e-05 1.9348383630784415e-05 8.5587427082040335e-06 -3.405785572515402e-06 2.4624903982167313e-05 -1.5847991224860979e-05 2.6323267814256894e-06 -1.2098085328916562e-05
leaf_weight=1292 943 1027 914 1088 897 1433 997 910 1101 1359 1179 902 1476 1484 915 1353 896 903
leaf_count=1292 943 1027 914 1088 897 1433 997 910 1101 1359 1179 902 1476 1484 915 1353 896 903
internal_value=1.16541e-06 -3.28597e-06 1.457e-05 -7.21302e-08 1.24208e-05 4.5804e-06 6.3653e-06 -6.30364e-06 -1.83535e-05 1.01362e-07 4.3822e-06 1.14016e-05 -4.76923e-06 -7.56043e-07 7.28069e-06 -2.73724e-05 3.28998e-06 -4.75529e-06
internal_weight=21069 15816 5253 14524 4833 3936 4310 9691 3364 6327 5239 3880 2909 3396 2399 2454 2701 1799
internal_count=21069 15816 5253 14524 4833 3936 4310 9691 3364 6327 5239 3880 2909 3396 2399 2454 2701 1799
is_linear=0
shrinkage=0.0936603


Tree=31
num_leaves=18
num_cat=0
split_feature=20 35 48 20 19 12 19 43 55 19 1 0 17 48 2 10 9
split_gain=0.00031242 0.000478178 0.00022004 0.000170074 0.000158941 0.000123711 0.000114493 0.000121332 0.000110701 0.000112683 0.000107842 8.44865e-05 8.31726e-05 6.38658e-05 3.82787e-05 4.55878e-05 2.14152e-05
threshold=17.851648351648354 1.0000000180025095e-35 77.599524859732654 0.47607600732600736 0.21269588446249446 -0.71662548667265635 -1.0767129016587089 -0.0029962563628366241 7821.0000000000009 0.24042301229997423 78.955649976327436 9.5000000000000018 -0.16965225106784468 93.689141040727279 0.20906454034867369 -1.4671052631578945 -0.40828010593550396
decision_type=10 2 2 8 10 8 8 2 2 10 10 10 8 2 2 10 8
left_child=1 2 3 5 13 -1 11 -8 10 14 -9 -5 -7 -4 15 -10 -17
right_child=-2 -3 4 6 -6 12 7 8 9 -11 -12 -13 -14 -15 -16 16 -18
leaf_value=-5.0615672258403014e-05 5.4829761944744738e-05 -5.5291821730490804e-05 -4.760014110701571e-06 1.5802044863725942e-06 4.4346558404003652e-05 3.5141465997623492e-06 3.6088179030619178e-05 8.2532874059165813e-06 2.7876697472867261e-05 4.0119200542354207e-05 -3.1408718781406839e-05 -3.6196648247316046e-05 -2.977062475908711e-05 2.6596438680424533e-05 -8.3829814423029196e-06 1.182586651570817e-05 -6.5173976613593837e-06
leaf_weight=900 907 1346 1564 1058 1634 1562 1134 1104 916 945 1320 1019 1138 896 1389 1169 1068
leaf_count=900 907 1346 1564 1058 1634 1562 1134 1104 916 945 1320 1019 1138 896 1389 1169 1068
internal_value=1.05626e-06 -1.36222e-06 2.49503e-06 -2.84542e-06 2.1702e-05 -2.054e-05 2.88099e-06 7.43559e-06 3.32698e-06 1.06921e-05 -1.33402e-05 -1.69481e-05 -1.05106e-05 6.65631e-06 4.56709e-06 1.02756e-05 3.06331e-06
internal_weight=21069 20162 18816 14722 4094 3600 11122 9045 7911 5487 2424 2077 2700 2460 4542 3153 2237
internal_count=21069 20162 18816 14722 4094 3600 11122 9045 7911 5487 2424 2077 2700 2460 4542 3153 2237
is_linear=0
shrinkage=0.0936603


end of trees

feature_importances:
alpha042=88
time_encoded=76
alpha041=54
vwap=35
alpha005=32
day_encoded=21
alpha033=20
alpha054=18
OBV=16
MFI=15
alpha030=14
alpha083=14
volume=11
alpha015=11
past_ret_2=11
alpha060=10
alpha002=8
alpha016=8
alpha020=8
alpha053=8
past_ret_3=8
alpha038=7
stock_encoded=7
past_ret_1=7
alpha040=6
CCI=6
alpha101=5
alpha011=4
alpha044=4
alpha007=3
alpha012=3
alpha013=3
past_ret_4=3
alpha003=2
alpha018=2
open_20min=2
past_ret_7=2
past_ret_8=2
past_ret_9=2
past_ret_10=2
alpha006=1
alpha051=1
past_ret_5=1
past_ret_6=1

parameters:
[boosting: gbdt]
[objective: regression]
[metric: rmse]
[tree_learner: serial]
[device_type: cpu]
[data_sample_strategy: bagging]
[data: ]
[valid: ]
[num_iterations: 200]
[learning_rate: 0.0936603]
[num_leaves: 72]
[num_threads: 0]
[seed: 0]
[deterministic: 0]
[force_col_wise: 0]
[force_row_wise: 0]
[histogram_pool_size: -1]
[max_depth: -1]
[min_data_in_leaf: 895]
[min_sum_hessian_in_leaf: 0.001]
[bagging_fraction: 0.79941]
[pos_bagging_fraction: 1]
[neg_bagging_fraction: 1]
[bagging_freq: 7]
[bagging_seed: 3]
[bagging_by_query: 0]
[feature_fraction: 0.606034]
[feature_fraction_bynode: 1]
[feature_fraction_seed: 2]
[extra_trees: 0]
[extra_seed: 6]
[early_stopping_round: 0]
[early_stopping_min_delta: 0]
[first_metric_only: 0]
[max_delta_step: 0]
[lambda_l1: 0.000119923]
[lambda_l2: 6.94841e-07]
[linear_lambda: 0]
[min_gain_to_split: 0]
[drop_rate: 0.1]
[max_drop: 50]
[skip_drop: 0.5]
[xgboost_dart_mode: 0]
[uniform_drop: 0]
[drop_seed: 4]
[top_rate: 0.2]
[other_rate: 0.1]
[min_data_per_group: 100]
[max_cat_threshold: 32]
[cat_l2: 10]
[cat_smooth: 10]
[max_cat_to_onehot: 4]
[top_k: 20]
[monotone_constraints: ]
[monotone_constraints_method: basic]
[monotone_penalty: 0]
[feature_contri: ]
[forcedsplits_filename: ]
[refit_decay_rate: 0.9]
[cegb_tradeoff: 1]
[cegb_penalty_split: 0]
[cegb_penalty_feature_lazy: ]
[cegb_penalty_feature_coupled: ]
[path_smooth: 0]
[interaction_constraints: ]
[verbosity: -1]
[saved_feature_importance_type: 0]
[use_quantized_grad: 0]
[num_grad_quant_bins: 4]
[quant_train_renew_leaf: 0]
[stochastic_rounding: 1]
[linear_tree: 0]
[max_bin: 255]
[max_bin_by_feature: ]
[min_data_in_bin: 3]
[bin_construct_sample_cnt: 200000]
[data_random_seed: 1]
[is_enable_sparse: 1]
[enable_bundle: 1]
[use_missing: 1]
[zero_as_missing: 0]
[feature_pre_filter: 1]
[pre_partition: 0]
[two_round: 0]
[header: 0]
[label_column: ]
[weight_column: ]
[group_column: ]
[ignore_column: ]
[categorical_feature: ]
[forcedbins_filename: ]
[precise_float_parser: 0]
[parser_config_file: ]
[objective_seed: 5]
[num_class: 1]
[is_unbalance: 0]
[scale_pos_weight: 1]
[sigmoid: 1]
[boost_from_average: 1]
[reg_sqrt: 0]
[alpha: 0.9]
[fair_c: 1]
[poisson_max_delta_step: 0.7]
[tweedie_variance_power: 1.5]
[lambdarank_truncation_level: 30]
[lambdarank_norm: 1]
[label_gain: ]
[lambdarank_position_bias_regularization: 0]
[eval_at: ]
[multi_error_top_k: 1]
[auc_mu_weights: ]
[num_machines: 1]
[local_listen_port: 12400]
[time_out: 120]
[machine_list_filename: ]
[machines: ]
[gpu_platform_id: -1]
[gpu_device_id: -1]
[gpu_use_dp: 0]
[num_gpu: 1]

end of parameters

pandas_categorical:[]
