tree
version=v4
num_class=1
num_tree_per_iteration=1
label_index=0
max_feature_idx=33
objective=regression
feature_names=open high low close volume vwap alpha002 alpha003 alpha005 alpha006 alpha007 alpha011 alpha012 alpha013 alpha015 alpha016 alpha018 alpha020 alpha027 alpha030 alpha033 alpha038 alpha040 alpha041 alpha042 alpha044 alpha050 alpha051 alpha053 alpha054 alpha060 alpha083 alpha101 stock_encoded
feature_infos=[24.75:2405] [24.75:2410] [24.75:2400] [24.75:2405] [1:9861] [24.831676706827309:2393.3433133732533] [-0.99440251190931772:0.99289045818785504] [-0.93441247128951888:0.96192615154003835] [-0.99931388713107783:-2.9772387123204389e-07] [-0.99926738507424795:0.99927377525030925] [-60:60] [6.4820939779851076e-06:1.9935073049941976] [-135:20] [-1:-0.00022644927536231884] [-2.9928229665071751:-0.0068352699931648964] [-1:-0.00017914725904693657] [-1:-0.00017099863201094391] [-1:-4.9975268476768618e-12] [1:1] [0.00011970853573906926:0.9124910689938317] [0.00017088174982911826:1] [-0.9777606040347242:-2.8998723253444025e-05] [-inf:inf] [-58.774650414934513:25.722813471117206] [0.00017838030681412772:16.957236842105264] [-1.0000000000053018:0.99999999998306577] [-1:-0.0090629274965800272] [-135:15] [-200000:150000] [-1:0] [-0.00065335386837465275:0.0010690806075951474] [-inf:inf] [-0.99995000249987498:0.99995000249987498] [0:24]
tree_sizes=1110 1138 1133 1123 1132 1129 1133 1130 1131 1130 1127 1140 1135 1132 1135 1134

Tree=0
num_leaves=10
num_cat=0
split_feature=29 8 23 8 29 20 4 28 10
split_gain=0.0058747 0.00277558 0.00142172 0.00131844 0.0011418 0.000852375 0.000409794 0.00036024 0.000357518
threshold=-0.50311914312393957 -0.19060328851941263 -3.3991295926072946 -0.010003463102031864 -0.98501898920110598 0.63712002544239399 26.500000000000004 1.0000000000001068 12.500000000000002
decision_type=10 10 10 10 10 10 8 10 10
left_child=3 5 -3 4 6 7 -1 -2 -4
right_child=1 2 8 -5 -6 -7 -8 -9 -10
leaf_value=0.00015653270160091238 0.00017009100350921151 0.00024672178602111374 0.00019608746519129874 0.00020481855135760281 0.00013872037250365292 0.00019085835729065468 0.00016792903815845259 0.00018733802351033409 0.0002179604708382428
leaf_weight=2755 3998 390 3525 409 1173 2287 5322 843 490
leaf_count=2755 3998 390 3525 409 1173 2287 5322 843 490
internal_value=0.000176488 0.000188042 0.000203006 0.000162693 0.00016083 0.000178794 0.000164041 0.000173096 0.000198758
internal_weight=21192 11533 4405 9659 9250 7128 8077 4841 4015
internal_count=21192 11533 4405 9659 9250 7128 8077 4841 4015
is_linear=0
shrinkage=1


Tree=1
num_leaves=10
num_cat=0
split_feature=24 30 32 0 32 23 19 24 33
split_gain=0.0062855 0.00189009 0.00141476 0.00112126 0.00106984 0.000477521 0.000453788 0.000459004 0.000442611
threshold=0.85248209206933701 -0.00013554342950860431 0.99775511321496668 605.50000000000011 -0.90679331222573945 -2.5373117892108605 0.14657301193609065 0.41880417084542826 19.500000000000004
decision_type=10 10 10 10 8 10 10 8 2
left_child=2 5 4 -3 -1 -2 7 8 -6
right_child=1 3 -4 -5 6 -7 -8 -9 -10
leaf_value=1.0439413731738398e-05 2.6387897569176752e-05 2.6857690119873507e-05 -3.2040039329581995e-05 6.9900819389727569e-05 -1.4698808144651944e-05 3.3007685618442869e-06 1.0970039010137055e-06 -7.2584931782871862e-06 -3.7925865845271681e-05
leaf_weight=1819 617 2831 1393 397 3067 3125 1945 5440 558
leaf_count=1819 617 2831 1393 397 3067 3125 1945 5440 558
internal_value=5.41617e-08 1.87085e-05 -9.08765e-06 3.21532e-05 -6.59499e-06 7.10902e-06 -9.40982e-06 -1.16648e-05 -1.82757e-05
internal_weight=21192 6970 14222 3228 12829 3742 11010 9065 3625
internal_count=21192 6970 14222 3228 12829 3742 11010 9065 3625
is_linear=0
shrinkage=0.0239787


Tree=2
num_leaves=10
num_cat=0
split_feature=24 30 29 29 8 31 8 29 5
split_gain=0.0059877 0.00180185 0.00175099 0.00124601 0.00121129 0.00104131 0.000532558 0.000641302 0.000475966
threshold=0.85248209206933701 -0.00012952742967617585 -0.67372191742693788 -0.98501898920110598 -0.0040135911791940012 -2629.297603976524 -0.0090808117003548048 -0.50253164103948544 78.367588372640057
decision_type=10 10 10 10 10 10 10 10 10
left_child=2 6 3 -1 -3 -4 7 8 -2
right_child=1 4 5 -5 -6 -7 -8 -9 -10
leaf_value=-1.3379562497117873e-05 8.2951181802554438e-06 2.6076553783077079e-05 -1.2781455527094219e-05 -4.4458118671783263e-05 7.1456438440551729e-05 6.9637983710017299e-06 2.89116995968964e-05 1.3780675932727169e-05 -1.8495457239372465e-05
leaf_weight=6657 644 2794 2371 835 385 4359 550 1663 934
leaf_count=6657 644 2794 2371 835 385 4359 550 1663 934
internal_value=5.28695e-08 1.82599e-05 -8.86975e-06 -1.68441e-05 3.15742e-05 6.63658e-09 7.09356e-06 3.38925e-06 -7.5583e-06
internal_weight=21192 6970 14222 7492 3179 6730 3791 3241 1578
internal_count=21192 6970 14222 7492 3179 6730 3791 3241 1578
is_linear=0
shrinkage=0.0239787


Tree=3
num_leaves=10
num_cat=0
split_feature=29 31 8 8 1 29 32 20 2
split_gain=0.00516315 0.00246274 0.00153988 0.00116567 0.00102721 0.000634069 0.000402656 0.000384292 0.00045758
threshold=-0.50311914312393957 -12.883938653053585 -0.00749857877759147 -0.010003463102031864 1352.5000000000002 -0.98501898920110598 -0.99009900990098998 0.84706361908572581 80.15000000000002
decision_type=10 10 10 10 10 10 10 10 10
left_child=3 6 7 4 5 -1 -2 -3 -9
right_child=1 2 -4 -5 -6 -7 -8 8 -10
leaf_value=-1.0588452172182314e-05 1.5534142601055598e-05 1.321087214358957e-05 5.3925014266397277e-05 2.6728631404629579e-05 -5.030835561379623e-05 -3.1218860136367897e-05 -5.1231140108055503e-06 1.4990221072705475e-05 4.4110559168594907e-05
leaf_weight=7846 625 4848 696 409 442 962 4109 690 565
leaf_count=7846 625 4848 696 409 442 962 4109 690 565
internal_value=5.16082e-08 1.08835e-05 2.01296e-05 -1.28812e-05 -1.46332e-05 -1.28423e-05 -2.39466e-06 1.62745e-05 2.81047e-05
internal_weight=21192 11533 6799 9659 9250 8808 4734 6103 1255
internal_count=21192 11533 6799 9659 9250 8808 4734 6103 1255
is_linear=0
shrinkage=0.0239787


Tree=4
num_leaves=10
num_cat=0
split_feature=24 21 23 29 29 31 29 0 24
split_gain=0.00551963 0.00162787 0.00183476 0.00158028 0.00114289 0.000960771 0.000714845 0.000523827 0.000358537
threshold=0.85248209206933701 -0.25771574267913538 -3.3991295926072946 -0.67372191742693788 -0.98501898920110598 -2629.297603976524 -0.50253164103948544 82.850000000000009 0.36906804089748574
decision_type=10 10 10 10 10 10 10 10 10
left_child=3 -2 -3 4 -1 8 -4 -8 -5
right_child=1 2 6 5 -6 -7 7 -9 -10
leaf_value=-1.2773937202060681e-05 2.5053546720816854e-06 7.6110242499500421e-05 1.2081981164408348e-06 -2.5598211414251056e-05 -4.2538817889817496e-05 6.5989319553559923e-06 1.9081945752162998e-05 3.9134604825763978e-05 -5.7901569596865951e-06
leaf_weight=6657 2600 390 792 787 835 4359 1982 1206 1584
leaf_count=6657 2600 390 792 787 835 4359 1982 1206 1584
internal_value=5.03772e-08 1.75313e-05 2.647e-05 -8.51639e-06 -1.60921e-05 -8.21184e-08 2.16043e-05 2.66695e-05 -1.23674e-05
internal_weight=21192 6970 4370 14222 7492 6730 3980 3188 2371
internal_count=21192 6970 4370 14222 7492 6730 3980 3188 2371
is_linear=0
shrinkage=0.0239787


Tree=5
num_leaves=10
num_cat=0
split_feature=8 20 0 21 8 28 1 20 16
split_gain=0.00372469 0.00273504 0.00145527 0.00141305 0.000613685 0.000522 0.000506869 0.000408027 0.000395069
threshold=-0.0090808117003548048 0.49473407104986061 82.850000000000009 -0.25771574267913538 -0.17981510915186258 1.0000000000001068 999.50000000000011 0.47648383294787405 -0.75000011055205784
decision_type=10 10 10 10 10 10 10 10 10
left_child=1 4 -2 5 6 -3 -1 -6 -5
right_child=2 3 -4 8 7 -7 -8 -9 -10
leaf_value=-1.3326490207701977e-05 1.498608138664096e-05 -6.4619771287237966e-06 6.8601391927159281e-05 -2.6763784447987877e-06 -9.919998596067552e-06 2.002253226938191e-05 -3.5800750975763369e-05 9.7870863277775762e-06 1.6202922273267785e-05
leaf_weight=6359 584 4228 581 727 1406 476 635 1059 5137
leaf_count=6359 584 4228 581 727 1406 476 635 1059 5137
internal_value=4.91756e-08 -2.37515e-06 4.17296e-05 6.00799e-06 -1.17418e-05 -3.78078e-06 -1.53678e-05 -1.45123e-06 1.38614e-05
internal_weight=21192 20027 1165 10568 9459 4704 6994 2465 5864
internal_count=21192 20027 1165 10568 9459 4704 6994 2465 5864
is_linear=0
shrinkage=0.0239787


Tree=6
num_leaves=10
num_cat=0
split_feature=29 24 31 8 29 5 33 19 4
split_gain=0.00510271 0.00267234 0.000905831 0.000879893 0.000904027 0.000808122 0.000860472 0.000769856 0.000447202
threshold=-0.50253164103948544 0.85248209206933701 -2629.297603976524 -0.010003463102031864 -0.98501898920110598 114.16599462365595 3.5000000000000004 0.17226657381209728 42.500000000000007
decision_type=10 10 10 10 10 10 2 10 8
left_child=3 2 -2 4 8 -3 -7 -8 -1
right_child=1 5 -4 -5 -6 6 7 -9 -10
leaf_value=-1.7474308437297196e-05 -1.1437369708559244e-05 1.5798193503530944e-05 7.2219838237948226e-06 2.2612219647670071e-05 -3.3758517909403919e-05 3.0631249871497644e-06 3.3206659265943378e-05 7.0361766877007439e-05 -6.2066505995799443e-06
leaf_weight=3872 2333 2901 4169 383 1215 382 1217 436 4251
leaf_count=3872 2333 2901 4169 383 1215 382 1217 436 4251
internal_value=-2.30069e-07 1.06254e-05 5.25894e-07 -1.30035e-05 -1.44649e-05 2.39279e-05 3.55144e-05 4.30102e-05 -1.15783e-05
internal_weight=21159 11438 6502 9721 9338 4936 2035 1653 8123
internal_count=21159 11438 6502 9721 9338 4936 2035 1653 8123
is_linear=0
shrinkage=0.0239787


Tree=7
num_leaves=10
num_cat=0
split_feature=29 24 31 4 27 29 24 21 19
split_gain=0.00486095 0.00254574 0.000862911 0.000835698 0.000792685 0.000583727 0.000492112 0.000467656 0.000457873
threshold=-0.50253164103948544 0.85248209206933701 -2629.297603976524 26.500000000000004 0.22500000000000145 -0.98940687526495807 0.9661794809604658 -0.25771574267913538 0.186300685659087
decision_type=10 10 10 8 10 10 10 10 10
left_child=3 2 -2 5 7 -1 -5 -3 -6
right_child=1 4 -4 6 8 -7 -8 -9 -10
leaf_value=-1.7438664198371058e-05 -1.1163116540318001e-05 5.756384785067704e-06 7.0488101401890528e-06 -1.0248386704871191e-05 3.0405834406443033e-05 -4.291506218715557e-05 8.4527232239576669e-06 2.3844964130085163e-05 6.2023529007766072e-05
leaf_weight=2941 2333 1249 4169 5194 907 628 958 2408 372
leaf_count=2941 2333 1249 4169 5194 907 628 958 2408 372
internal_value=-2.24533e-07 1.03706e-05 5.13263e-07 -1.26917e-05 2.33542e-05 -2.19231e-05 -7.33529e-06 1.76686e-05 3.96064e-05
internal_weight=21159 11438 6502 9721 4936 3569 6152 3657 1279
internal_count=21159 11438 6502 9721 4936 3569 6152 3657 1279
is_linear=0
shrinkage=0.0239787


Tree=8
num_leaves=10
num_cat=0
split_feature=29 31 8 29 23 31 25 21 3
split_gain=0.00463065 0.0018887 0.000827749 0.000836117 0.000821727 0.000507636 0.000406511 0.00040304 0.00029417
threshold=-0.50253164103948544 0.094329001605013715 -0.010003463102031864 -0.98501898920110598 -2.5373117892108605 -2629.297603976524 -0.26975956558529884 -0.14774952644886435 260.25000000000006
decision_type=10 10 10 10 10 8 2 10 10
left_child=2 5 3 -1 -3 -2 -5 -6 -7
right_child=1 4 -4 6 7 8 -8 -9 -10
leaf_value=-1.1028760547132241e-05 -1.1666331779105906e-05 4.5576697938639268e-05 2.2156809915161521e-05 -1.1778733484138039e-05 8.066961223594876e-06 8.7877767912472728e-06 -4.1719095792124495e-05 2.2186018756943756e-05 -4.6392947598776565e-06
leaf_weight=8123 1453 645 383 380 1884 3062 835 3042 1352
leaf_count=8123 1453 645 383 380 1884 3062 835 3042 1352
internal_value=-2.1913e-07 1.0122e-05 -1.23874e-05 -1.38048e-05 2.01214e-05 6.26089e-07 -3.23597e-05 1.67872e-05 4.6738e-06
internal_weight=21159 11438 9721 9338 5571 5867 1215 4926 4414
internal_count=21159 11438 9721 9338 5571 5867 1215 4926 4414
is_linear=0
shrinkage=0.0239787


Tree=9
num_leaves=10
num_cat=0
split_feature=29 24 8 29 31 27 33 21 1
split_gain=0.00441125 0.00235521 0.000788535 0.000796502 0.000786732 0.000739744 0.000523912 0.000431118 0.000411308
threshold=-0.50253164103948544 0.85248209206933701 -0.010003463102031864 -0.98501898920110598 -2629.297603976524 0.22500000000000145 6.5000000000000009 -0.25771574267913538 131.25000000000003
decision_type=10 10 10 10 10 10 2 10 10
left_child=2 4 3 -1 -2 7 -7 -3 -9
right_child=1 5 -4 -5 -6 6 -8 8 -10
leaf_value=-1.0764305149659382e-05 -1.0751103382738098e-05 5.4374028332949735e-06 2.1625518705914345e-05 -3.1583893920089277e-05 6.6383862082180947e-06 1.6060651590653038e-05 4.8783125838580899e-05 1.8557700808808217e-05 4.596328127262003e-05
leaf_weight=8123 2333 1249 383 1215 4169 419 860 2035 373
leaf_count=8123 2333 1249 383 1215 4169 419 860 2035 373
internal_value=-2.13869e-07 9.87929e-06 -1.20904e-05 -1.34738e-05 3.9794e-07 2.23676e-05 3.80677e-05 1.6875e-05 2.28052e-05
internal_weight=21159 11438 9721 9338 6502 4936 1279 3657 2408
internal_count=21159 11438 9721 9338 6502 4936 1279 3657 2408
is_linear=0
shrinkage=0.0239787


Tree=10
num_leaves=10
num_cat=0
split_feature=29 24 4 27 33 29 33 8 21
split_gain=0.0042031 0.00223036 0.000802907 0.000697985 0.000515396 0.000502525 0.00049907 0.000483199 0.000398639
threshold=-0.50000000000002653 0.85248209206933701 26.500000000000004 0.22500000000000145 18.500000000000004 -0.98940687526495807 6.5000000000000009 -0.0199830339559816 -0.25771574267913538
decision_type=10 10 8 10 2 10 2 10 10
left_child=2 4 5 8 -2 -1 -5 -4 -3
right_child=1 3 7 6 -6 -7 -8 -9 -10
leaf_value=-1.6577602234578295e-05 4.5261450011119429e-06 5.436876179642381e-06 -8.215703126781784e-06 1.5675538200622732e-05 -1.0838173443909959e-05 -4.0078531012787511e-05 4.7613370967961542e-05 1.9616530076145412e-05 2.2249836026433161e-05
leaf_weight=2941 4752 1229 5844 419 1706 637 860 382 2389
leaf_count=2941 4752 1229 5844 419 1706 637 860 382 2389
internal_value=-2.08708e-07 9.72151e-06 -1.17105e-05 2.19256e-05 4.66494e-07 -2.07631e-05 3.7155e-05 -6.50712e-06 1.65402e-05
internal_weight=21159 11355 9804 4897 6458 3578 1279 6226 3618
internal_count=21159 11355 9804 4897 6458 3578 1279 6226 3618
is_linear=0
shrinkage=0.0239787


Tree=11
num_leaves=10
num_cat=0
split_feature=24 30 20 1 20 30 4 32 31
split_gain=0.00391188 0.00124464 0.00100368 0.000611017 0.000521264 0.000438529 0.000365267 0.000364833 0.000335376
threshold=0.85248209206933701 -0.00013554342950860431 0.49473407104986061 82.850000000000009 0.85652547860360373 -0.00023814709381297168 118.50000000000001 0.99709198763887641 -176.95055981600629
decision_type=10 10 10 10 10 10 10 10 10
left_child=2 6 7 -3 -5 -4 -2 -1 -9
right_child=1 3 5 4 -6 -7 -8 8 -10
leaf_value=-1.0809728276745407e-05 2.5222415510754679e-06 1.6375407185626181e-05 -8.1009701812123166e-06 2.842414594811414e-05 6.1470799185542159e-05 4.6144517265674113e-06 2.7132033424613097e-05 -7.9386133309978848e-06 -3.2673678915296632e-05
leaf_weight=6290 3345 1849 2603 1007 378 3890 387 477 933
leaf_count=6290 3345 1849 2603 1007 378 3890 387 477 933
internal_value=-2.03684e-07 1.45129e-05 -7.42707e-06 2.54015e-05 3.74475e-05 -4.82197e-07 5.07575e-06 -1.32826e-05 -2.43099e-05
internal_weight=21159 6966 14193 3234 1385 6493 3732 7700 1410
internal_count=21159 6966 14193 3234 1385 6493 3732 7700 1410
is_linear=0
shrinkage=0.0239787


Tree=12
num_leaves=10
num_cat=0
split_feature=24 21 0 30 31 30 20 24 33
split_gain=0.00366425 0.00132591 0.00118814 0.00115477 0.000469986 0.000394893 0.00038788 0.000328748 0.000301494
threshold=0.85248209206933701 -0.25771574267913538 373.75000000000006 -0.00013155939769923477 -2629.297603976524 -0.00012952742967617585 0.48422653738713262 1.257176238177935 19.500000000000004
decision_type=10 10 10 10 10 10 8 10 2
left_child=3 -2 5 6 -5 -3 8 -7 -1
right_child=1 2 -4 4 -6 7 -8 -9 -10
leaf_value=-1.5246882283352415e-05 7.2813228290264655e-07 7.6837559521347667e-06 5.6941569455122897e-05 -1.5205162459250797e-05 6.3616420432440585e-06 1.5337977372920043e-05 -7.8478403043115406e-06 3.3057799518405839e-05 -3.665416326629706e-05
leaf_weight=3349 2610 1405 505 686 3792 1282 5973 1138 427
leaf_count=3349 2610 1405 505 686 3792 1282 5973 1138 427
internal_value=-5.40425e-08 1.42302e-05 2.23675e-05 -7.02236e-06 3.05648e-06 1.78013e-05 -1.16524e-05 2.3673e-05 -1.76692e-05
internal_weight=21167 6940 4330 14227 4478 3825 9749 2420 3776
internal_count=21167 6940 4330 14227 4478 3825 9749 2420 3776
is_linear=0
shrinkage=0.0239787


Tree=13
num_leaves=10
num_cat=0
split_feature=29 24 20 4 21 21 0 24 29
split_gain=0.00402356 0.00185044 0.000815014 0.000673869 0.000567815 0.000451559 0.000412419 0.000375925 0.00034903
threshold=-0.50000000000002653 0.85248209206933701 0.90536747920848104 26.500000000000004 -0.25771574267913538 -0.23461548811900237 605.50000000000011 0.95595560671775437 -0.9904489629478358
decision_type=10 10 10 8 10 10 10 10 10
left_child=3 5 4 8 -3 -2 -6 -5 -1
right_child=1 2 -4 7 6 -7 -8 -9 -10
leaf_value=-1.5632318636140055e-05 -5.792790651983788e-06 5.1497647215697487e-06 5.413696158910245e-05 -9.1600151453013647e-06 2.0423191012275025e-05 6.9476615646974761e-06 4.7445937805799756e-05 6.7084938803546892e-06 -3.3767082637389997e-05
leaf_weight=2767 2884 1381 389 5243 2733 3591 369 1026 784
leaf_count=2767 2884 1381 389 5243 2733 3591 369 1026 784
internal_value=-5.27272e-08 9.6726e-06 2.08359e-05 -1.12909e-05 1.7945e-05 1.27211e-06 2.36395e-05 -6.56203e-06 -1.96378e-05
internal_weight=21167 11347 4872 9820 4483 6475 3102 6269 3551
internal_count=21167 11347 4872 9820 4483 6475 3102 6269 3551
is_linear=0
shrinkage=0.0239787


Tree=14
num_leaves=10
num_cat=0
split_feature=29 8 21 4 1 28 8 17 16
split_gain=0.00383294 0.00157735 0.000883264 0.00064341 0.000427402 0.000374015 0.000351851 0.000321123 0.000313154
threshold=-0.50000000000002653 -0.00749857877759147 -0.23993840892365506 42.500000000000007 1352.5000000000002 999.99999999996101 -0.16932323998322132 -0.24371057779246563 -0.71978057016773689
decision_type=10 10 10 8 10 10 10 8 10
left_child=3 2 5 4 -1 7 8 -2 -4
right_child=1 -3 6 -5 -6 -7 -8 -9 -10
leaf_value=-1.5099124162140978e-05 -1.4603445267876349e-05 4.4550394942998714e-05 -1.1172389985836138e-05 -5.0375373932285829e-06 -4.049059093687696e-05 2.1496850219731623e-05 1.9281962834841655e-05 7.8078237810458848e-07 1.0516695046640207e-05
leaf_weight=4365 1076 691 435 5037 418 379 2757 2835 3174
leaf_count=4365 1076 691 435 5037 418 379 2757 2835 3174
internal_value=-5.14436e-08 9.4407e-06 7.16344e-06 -1.10202e-05 -1.73193e-05 -1.24501e-06 1.28307e-05 -3.45029e-06 7.90089e-06
internal_weight=21167 11347 10656 9820 4783 4290 6366 3911 3609
internal_count=21167 11347 10656 9820 4783 4290 6366 3911 3609
is_linear=0
shrinkage=0.0239787


Tree=15
num_leaves=10
num_cat=0
split_feature=29 24 8 4 21 16 24 29 6
split_gain=0.00365134 0.00171247 0.000789949 0.000616271 0.000412098 0.000395536 0.000359224 0.000326554 0.000265235
threshold=-0.50000000000002653 0.85248209206933701 -0.0040135911791940012 26.500000000000004 -0.23461548811900237 -0.19941793162447699 0.95595560671775437 -0.9904489629478358 0.47674500406094672
decision_type=10 10 10 8 10 10 10 10 2
left_child=3 4 5 7 -2 -3 -5 -1 -6
right_child=1 2 -4 6 8 -7 -8 -9 -10
leaf_value=-1.486373325654721e-05 -5.6160519131069301e-06 1.2905106765803646e-05 4.9404993731836527e-05 -8.7732777639058825e-06 9.7054911828860541e-06 3.0123441852754654e-05 6.7387472420846063e-06 -3.2405068762751737e-05 -6.9235067854433864e-06
leaf_weight=2767 2884 3408 473 5243 2911 991 1026 784 680
leaf_count=2767 2884 3408 473 5243 2911 991 1026 784 680
internal_value=-5.02036e-08 9.21435e-06 1.99534e-05 -1.0756e-05 1.13307e-06 1.67853e-05 -6.23363e-06 -1.87382e-05 6.555e-06
internal_weight=21167 11347 4872 9820 6475 4399 6269 3551 3591
internal_count=21167 11347 4872 9820 6475 4399 6269 3551 3591
is_linear=0
shrinkage=0.0239787


end of trees

feature_importances:
alpha054=25
alpha042=17
alpha005=15
alpha038=11
alpha083=10
volume=8
alpha033=8
alpha060=6
stock_encoded=6
open=5
high=5
alpha041=4
alpha101=4
alpha018=3
alpha030=3
alpha051=3
alpha053=3
vwap=2
low=1
close=1
alpha002=1
alpha007=1
alpha020=1
alpha044=1

parameters:
[boosting: gbdt]
[objective: regression]
[metric: l2]
[tree_learner: serial]
[device_type: cpu]
[data_sample_strategy: bagging]
[data: ]
[valid: ]
[num_iterations: 200]
[learning_rate: 0.0239787]
[num_leaves: 10]
[num_threads: 0]
[seed: 0]
[deterministic: 0]
[force_col_wise: 0]
[force_row_wise: 0]
[histogram_pool_size: -1]
[max_depth: -1]
[min_data_in_leaf: 369]
[min_sum_hessian_in_leaf: 0.001]
[bagging_fraction: 0.795584]
[pos_bagging_fraction: 1]
[neg_bagging_fraction: 1]
[bagging_freq: 6]
[bagging_seed: 3]
[bagging_by_query: 0]
[feature_fraction: 0.760112]
[feature_fraction_bynode: 1]
[feature_fraction_seed: 2]
[extra_trees: 0]
[extra_seed: 6]
[early_stopping_round: 0]
[early_stopping_min_delta: 0]
[first_metric_only: 0]
[max_delta_step: 0]
[lambda_l1: 0.000237785]
[lambda_l2: 1.79265e-05]
[linear_lambda: 0]
[min_gain_to_split: 0]
[drop_rate: 0.1]
[max_drop: 50]
[skip_drop: 0.5]
[xgboost_dart_mode: 0]
[uniform_drop: 0]
[drop_seed: 4]
[top_rate: 0.2]
[other_rate: 0.1]
[min_data_per_group: 100]
[max_cat_threshold: 32]
[cat_l2: 10]
[cat_smooth: 10]
[max_cat_to_onehot: 4]
[top_k: 20]
[monotone_constraints: ]
[monotone_constraints_method: basic]
[monotone_penalty: 0]
[feature_contri: ]
[forcedsplits_filename: ]
[refit_decay_rate: 0.9]
[cegb_tradeoff: 1]
[cegb_penalty_split: 0]
[cegb_penalty_feature_lazy: ]
[cegb_penalty_feature_coupled: ]
[path_smooth: 0]
[interaction_constraints: ]
[verbosity: -1]
[saved_feature_importance_type: 0]
[use_quantized_grad: 0]
[num_grad_quant_bins: 4]
[quant_train_renew_leaf: 0]
[stochastic_rounding: 1]
[linear_tree: 0]
[max_bin: 255]
[max_bin_by_feature: ]
[min_data_in_bin: 3]
[bin_construct_sample_cnt: 200000]
[data_random_seed: 1]
[is_enable_sparse: 1]
[enable_bundle: 1]
[use_missing: 1]
[zero_as_missing: 0]
[feature_pre_filter: 1]
[pre_partition: 0]
[two_round: 0]
[header: 0]
[label_column: ]
[weight_column: ]
[group_column: ]
[ignore_column: ]
[categorical_feature: ]
[forcedbins_filename: ]
[precise_float_parser: 0]
[parser_config_file: ]
[objective_seed: 5]
[num_class: 1]
[is_unbalance: 0]
[scale_pos_weight: 1]
[sigmoid: 1]
[boost_from_average: 1]
[reg_sqrt: 0]
[alpha: 0.9]
[fair_c: 1]
[poisson_max_delta_step: 0.7]
[tweedie_variance_power: 1.5]
[lambdarank_truncation_level: 30]
[lambdarank_norm: 1]
[label_gain: ]
[lambdarank_position_bias_regularization: 0]
[eval_at: ]
[multi_error_top_k: 1]
[auc_mu_weights: ]
[num_machines: 1]
[local_listen_port: 12400]
[time_out: 120]
[machine_list_filename: ]
[machines: ]
[gpu_platform_id: -1]
[gpu_device_id: -1]
[gpu_use_dp: 0]
[num_gpu: 1]

end of parameters

pandas_categorical:[]
