tree
version=v4
num_class=1
num_tree_per_iteration=1
label_index=0
max_feature_idx=33
objective=regression
feature_names=open high low close volume vwap alpha002 alpha003 alpha005 alpha006 alpha007 alpha011 alpha012 alpha013 alpha015 alpha016 alpha018 alpha020 alpha027 alpha030 alpha033 alpha038 alpha040 alpha041 alpha042 alpha044 alpha050 alpha051 alpha053 alpha054 alpha060 alpha083 alpha101 stock_encoded
feature_infos=[24.75:2405] [24.75:2410] [24.75:2400] [24.75:2405] [1:9861] [24.831676706827309:2393.3433133732533] [-0.99440251190931772:0.99289045818785504] [-0.93441247128951888:0.96192615154003835] [-0.99931388713107783:-2.9772387123204389e-07] [-0.99926738507424795:0.99927377525030925] [-60:60] [6.4820939779851076e-06:1.9935073049941976] [-135:20] [-1:-0.00022644927536231884] [-2.9928229665071751:-0.0068352699931648964] [-1:-0.00017914725904693657] [-1:-0.00017099863201094391] [-1:-4.9975268476768618e-12] [1:1] [0.00011970853573906926:0.9124910689938317] [0.00017088174982911826:1] [-0.9777606040347242:-2.8998723253444025e-05] [-inf:inf] [-58.774650414934513:25.722813471117206] [0.00017838030681412772:16.957236842105264] [-1.0000000000053018:0.99999999998306577] [-1:-0.0090629274965800272] [-135:15] [-200000:150000] [-1:0] [-0.00065335386837465275:0.0010690806075951474] [-inf:inf] [-0.99995000249987498:0.99995000249987498] [0:24]
tree_sizes=1709 1736 1827 1840 1931 1922 1909 2010 1727 1825 1908 1830 1823 1921 1916 2024 1821 1836 1933 1931 1831 1828 1911 1629 1937 1930 1821 1753 1928 1826 1816

Tree=0
num_leaves=16
num_cat=0
split_feature=29 8 29 20 0 8 13 21 23 33 7 20 13 33 14
split_gain=0.00516159 0.00237679 0.000804012 0.000750187 0.00071006 0.000651867 0.000279087 0.000266314 0.00024205 0.000187237 9.98477e-05 8.61985e-05 7.56572e-05 5.07593e-05 2.09704e-05
threshold=-0.50311914312393957 -0.12007259622602462 -0.98501898920110598 0.79265697171568383 82.850000000000009 -0.12693414226466351 -0.40604539196461309 -0.26060009785587818 0.15072656765621598 11.500000000000002 -0.014682807181388754 0.48422653738713262 -0.59594723507252156 18.500000000000004 -1.4151999316473005
decision_type=10 10 10 10 10 10 10 10 10 2 2 8 10 2 2
left_child=2 3 5 7 -3 6 10 8 13 -5 -1 -12 -9 -2 -13
right_child=1 4 -4 9 -6 -7 -8 12 -10 -11 11 14 -14 -15 -16
leaf_value=0.00017577650126253787 0.00017685316210104725 0.00017830954775939465 0.00017299266555115034 0.00017893744283558366 0.00018071432863071886 0.00017672851523043622 0.00017402135679007148 0.00017758274641133096 0.00017498190364418628 0.00017741859986519236 0.00017435238619784935 0.00017503723910128094 0.0001766422221831655 0.00017604553901891506 0.00017555337800646836
leaf_weight=1370 836 1542 1028 887 1358 1457 1511 801 1113 1041 895 1077 1360 1004 865
leaf_count=1370 836 1542 1028 887 1358 1457 1511 801 1113 1041 895 1077 1360 1004 865
internal_value=0.000176418 0.000177591 0.000174996 0.000176831 0.000179436 0.000175284 0.000174915 0.000176346 0.000175873 0.000178118 0.000175237 0.000174977 0.000176992 0.000176414 0.000175266
internal_weight=18145 9942 8203 7042 2900 7175 5718 5114 2953 1928 4207 2837 2161 1840 1942
internal_count=18145 9942 8203 7042 2900 7175 5718 5114 2953 1928 4207 2837 2161 1840 1942
is_linear=0
shrinkage=1


Tree=1
num_leaves=16
num_cat=0
split_feature=24 30 30 0 16 31 24 23 3 19 24 6 17 14 14
split_gain=0.00561092 0.00172353 0.00123176 0.000776833 0.000467082 0.000465631 0.000420961 0.000252331 0.000225991 0.000203831 0.000164906 0.000183784 0.00014769 6.38028e-05 1.34382e-05
threshold=0.85248209206933701 -0.00012952742967617585 -0.00013554342950860431 82.850000000000009 -0.75000011055205784 221.57029272663968 0.38368632809496356 -0.085036868572919019 61.45000000000001 0.049594938449458309 0.63422664517416893 -0.11367056308000893 -0.032568084481012144 -1.311389268626111 -1.3306989063568002
decision_type=10 10 10 10 10 10 8 8 10 10 10 2 8 2 2
left_child=2 5 6 -3 -4 8 9 -8 -2 -1 11 -6 13 -9 -14
right_child=1 3 4 -5 10 -7 7 12 -10 -11 -12 -13 14 -15 -16
leaf_value=-2.8212232357410491e-06 9.8619307650054126e-07 2.1997570499824918e-06 -1.4734782166985651e-06 4.8142743309192184e-06 1.0663456364035252e-06 2.320344138329596e-06 -1.9441381182429919e-06 -6.4553092197163609e-07 -4.8197584262126789e-07 -1.5696002413301553e-06 1.5046430439628619e-06 -3.4423958713018076e-07 -1.3597477160106046e-06 2.7658245668160759e-07 -9.4497606191839393e-07
leaf_weight=1546 1141 1557 807 1171 934 801 1407 978 1331 1529 849 1286 1187 796 825
leaf_count=1546 1141 1557 807 1171 934 801 1407 978 1331 1529 849 1286 1187 796 825
internal_value=-1.41808e-08 1.90119e-06 -9.60838e-07 3.32281e-06 1.65002e-07 7.15654e-07 -1.48888e-06 -1.06766e-06 1.94847e-07 -2.19955e-06 5.9652e-07 2.48289e-07 -7.41382e-07 -2.30606e-07 -1.19071e-06
internal_weight=18145 6001 12144 2728 3876 3273 8268 5193 2472 3075 3069 2220 3786 1774 2012
internal_count=18145 6001 12144 2728 3876 3273 8268 5193 2472 3075 3069 2220 3786 1774 2012
is_linear=0
shrinkage=0.00242143


Tree=2
num_leaves=17
num_cat=0
split_feature=24 30 29 31 29 0 31 29 4 24 6 24 33 19 31 1
split_gain=0.00558379 0.00171519 0.00168003 0.000856621 0.000823075 0.00077307 0.000463378 0.000430843 0.000287436 0.000248434 0.000155169 0.000155029 0.000143081 0.000124296 0.000153591 0.000103565
threshold=0.85248209206933701 -0.00012952742967617585 -0.66160453748142256 -2629.297603976524 -0.98940687526495807 82.850000000000009 221.57029272663968 -0.50253164103948544 42.500000000000007 0.40203876839455804 -0.4180685031929306 0.37435388890488669 12.500000000000002 0.022816465037692132 -13.873595379613858 276.25000000000006
decision_type=10 10 10 10 10 10 10 10 8 10 2 10 2 10 10 10
left_child=2 6 4 9 8 -3 7 -2 11 -4 -5 -1 15 -10 -15 -12
right_child=1 5 3 10 -6 -7 -8 -9 13 -11 12 -13 -14 14 -16 -17
leaf_value=-2.8491823940323724e-06 -6.7547076399279182e-07 2.1944304787934004e-06 -2.3174964558619935e-06 1.584269954182131e-06 -4.1057372054192234e-06 4.8026168495962841e-06 2.3147256131105637e-06 1.3685258609316601e-06 -1.5010863760182212e-06 -5.8545010949115112e-07 1.5095458409123658e-06 -1.6002143906941031e-06 -1.9204417398741094e-07 1.9626082836070922e-07 -1.2891895027562165e-06 2.7292288632513415e-07
leaf_weight=990 1419 1557 811 852 805 1171 801 1053 1498 1221 797 1450 1290 829 800 801
leaf_count=990 1419 1557 811 852 805 1171 801 1053 1498 1221 797 1450 1290 829 800 801
internal_value=-1.41467e-08 1.89659e-06 -9.58513e-07 -1.18623e-08 -1.8157e-06 3.31476e-06 7.13921e-07 1.94374e-07 -1.48418e-06 -1.27776e-06 6.75364e-07 -2.10782e-06 4.06504e-07 -9.96892e-07 -5.31969e-07 8.90986e-07
internal_weight=18145 6001 12144 5772 6372 2728 3273 2472 5567 2032 3740 2440 2888 3127 1629 1598
internal_count=18145 6001 12144 5772 6372 2728 3273 2472 5567 2032 3740 2440 2888 3127 1629 1598
is_linear=0
shrinkage=0.00242143


Tree=3
num_leaves=17
num_cat=0
split_feature=31 8 30 32 32 5 27 28 16 4 15 11 30 28 3 23
split_gain=0.00423951 0.00208996 0.00176884 0.00119195 0.000691617 0.000371968 0.00036981 0.000325204 0.000295123 0.00022156 0.00017622 0.000121268 0.000128709 0.000106088 7.65526e-05 1.65096e-05
threshold=0.094329001605013715 -0.00749857877759147 -0.00026369342824518173 -0.63100587579536149 0.99775511321496668 145.52632395985486 -0.049999999999998927 0.99999999999996458 -0.21120061590926195 38.500000000000007 -0.21107439344039075 0.43291332919345321 -0.00022608375657487837 1.7905676941154525e-11 114.25000000000001 -2.4144336958346453
decision_type=10 10 8 8 10 10 8 10 10 10 10 10 8 10 8 10
left_child=3 2 5 -1 6 -2 9 11 10 -5 13 12 -8 -4 -14 -16
right_child=1 -3 8 4 -6 -7 7 -9 -10 -11 -12 -13 14 -15 15 -17
leaf_value=1.2499576266304169e-06 -6.5866679606729585e-08 4.9255022310952343e-06 1.2041380766093514e-06 -2.9530021592617906e-06 -3.1406268903222244e-06 -2.3993007922832363e-06 -1.7587870864189346e-06 3.1077081497966482e-07 2.6956867353255958e-06 -1.1504210153065447e-06 3.8899546457799645e-07 -2.9684448872618647e-07 -4.0093148376534494e-07 2.2452937911981222e-06 -1.0076185935892345e-06 -1.4572145670815547e-06
leaf_weight=1284 808 891 1282 815 999 798 1568 1310 1321 795 856 1109 1134 1060 1290 825
leaf_count=1284 808 891 1282 815 999 798 1568 1310 1321 795 856 1109 1134 1060 1290 825
internal_value=-1.41124e-08 1.45989e-06 9.55415e-07 -9.4355e-07 -1.22984e-06 -1.22661e-06 -1.01382e-06 -7.79821e-07 1.73134e-06 -2.0642e-06 1.33235e-06 -1.02126e-06 -1.18761e-06 1.67626e-06 -9.11308e-07 -1.18397e-06
internal_weight=18145 7016 6125 11129 9845 1606 8846 7236 4519 1610 3198 5926 4817 2342 3249 2115
internal_count=18145 7016 6125 11129 9845 1606 8846 7236 4519 1610 3198 5926 4817 2342 3249 2115
is_linear=0
shrinkage=0.00242143


Tree=4
num_leaves=18
num_cat=0
split_feature=24 21 29 8 31 29 20 4 29 24 5 16 24 22 31 6 33
split_gain=0.00553741 0.00169044 0.00166341 0.00116469 0.000848993 0.000817579 0.000507164 0.000285403 0.000249747 0.000247145 0.000214967 0.000168482 0.000154016 0.000126308 0.000113064 0.000109802 6.73677e-05
threshold=0.85248209206933701 -0.25771574267913538 -0.66160453748142256 -0.0090808117003548048 -2629.297603976524 -0.98940687526495807 0.50193172646320339 42.500000000000007 -0.50000000000000877 0.40203876839455804 114.16599462365595 -0.68998394186020062 0.37435388890488669 -0.086532380024873942 -20.800917467727491 -0.0048851656773730287 11.500000000000002
decision_type=10 10 10 10 10 10 10 8 10 10 10 10 10 10 8 2 2
left_child=2 8 5 6 9 7 -3 12 -2 -4 -8 -6 -1 15 -9 -13 -16
right_child=1 3 4 -5 11 -7 10 14 -10 -11 -12 13 -14 -15 16 -17 -18
leaf_value=-2.8374136435729659e-06 -6.8818218500940767e-07 8.8518075150989696e-07 -2.3098401703654156e-06 5.4664552090637559e-06 -3.1404437900167371e-07 -4.0898332167001485e-06 2.2182910979013076e-06 -2.3731078413319647e-07 9.4006608237763895e-07 -5.8229054803170501e-07 3.8925060677717043e-06 1.8174379209602803e-06 -1.5925191950004066e-06 1.367055246926582e-07 -1.720723170293386e-06 7.0857660379094647e-07 -8.7966835093920663e-07
leaf_weight=990 986 1115 811 804 797 805 1030 854 1254 1221 812 1037 1450 831 1063 1075 1210
leaf_count=990 986 1115 811 804 797 805 1030 854 1254 1221 812 1037 1450 831 1063 1075 1210
internal_value=-1.40788e-08 1.8887e-06 -9.54516e-07 2.88056e-06 -1.25558e-08 -1.80745e-06 2.17676e-06 -1.47704e-06 2.2242e-07 -1.2728e-06 2.95746e-06 6.71601e-07 -2.09847e-06 9.39231e-07 -9.91475e-07 1.25402e-06 -1.27391e-06
internal_weight=18145 6001 12144 3761 5772 6372 2957 5567 2240 2032 1842 3740 2440 2943 3127 2112 2273
internal_count=18145 6001 12144 3761 5772 6372 2957 5567 2240 2032 1842 3740 2440 2943 3127 2112 2273
is_linear=0
shrinkage=0.00242143


Tree=5
num_leaves=18
num_cat=0
split_feature=30 8 8 20 20 8 33 8 19 5 7 20 5 6 23 6 33
split_gain=0.0040356 0.00175377 0.000995312 0.000631161 0.000492038 0.00047422 0.00031736 0.000290004 0.000281608 0.000214208 0.00021213 0.000168425 0.000143298 0.000141732 9.76172e-05 4.2133e-05 2.92162e-05
threshold=-0.00014144344296940277 -0.19060328851941263 -0.18507734089596725 0.47648383294787405 0.80153003897644659 -0.01867479243506882 17.500000000000004 -0.12693414226466351 0.063981954184580317 272.44599372332351 0.052867300937449645 0.50134227231381778 78.367588372640057 0.20334404442653745 0.10679590594709511 -0.038261715476789956 13.500000000000002
decision_type=10 10 8 10 10 10 2 10 10 10 2 10 10 2 10 2 2
left_child=2 4 6 12 8 13 9 11 -2 10 14 -5 16 -3 -1 -10 -4
right_child=1 5 3 7 -6 -7 -8 -9 15 -11 -12 -13 -14 -15 -16 -17 -18
leaf_value=-1.0861686989749599e-06 -1.2987821902708953e-06 1.8082745719038776e-06 -1.0016022281597781e-06 -9.6197632203063436e-07 1.6411703271048676e-06 4.4335414872804198e-06 -2.9486234432548418e-06 1.3568309101002993e-06 7.7370347682974152e-07 -2.2542139969768927e-06 -1.8524182458833821e-06 3.9255169277138354e-07 -1.8228683383440954e-06 3.0778603307041043e-06 7.6917794180573139e-08 -1.0149909819760542e-08 -3.7335242704941173e-07
leaf_weight=812 925 1432 875 825 1213 813 952 1266 797 1181 1093 1547 1038 820 877 801 890
leaf_count=812 925 1432 875 825 1213 813 952 1266 797 1181 1093 1547 1038 820 877 801 890
internal_value=1.27482e-08 1.48799e-06 -8.70576e-07 -2.43985e-07 3.73609e-07 2.84565e-06 -1.69129e-06 4.20944e-07 -2.34983e-07 -1.38872e-06 -1.02056e-06 -7.76896e-08 -1.10773e-06 2.27148e-06 -4.81018e-07 3.79498e-07 -6.85984e-07
internal_weight=18157 6801 11356 6441 3736 3065 4915 3638 2523 3963 2782 2372 2803 2252 1689 1598 1765
internal_count=18157 6801 11356 6441 3736 3065 4915 3638 2523 3963 2782 2372 2803 2252 1689 1598 1765
is_linear=0
shrinkage=0.00242143


Tree=6
num_leaves=18
num_cat=0
split_feature=24 29 29 31 29 21 1 3 13 24 33 3 7 23 24 24 1
split_gain=0.00539379 0.00187472 0.0017565 0.00112699 0.00083392 0.000725774 0.000835593 0.000290604 0.00024947 0.000237919 0.00019109 0.000260918 0.000136212 0.000112614 9.3117e-05 9.08886e-05 6.87238e-05
threshold=0.85248209206933701 -0.50000000000002653 -0.6666666666666744 -2629.297603976524 -0.98940687526495807 -0.25771574267913538 82.850000000000009 78.750000000000014 -0.38229173983282988 0.50534465310253085 11.500000000000002 275.75000000000006 0.052867300937449645 0.10679590594709511 1.2205277677543336 0.50175409314038444 2362.5000000000005
decision_type=10 10 8 10 10 10 10 10 8 8 2 10 2 10 10 10 8
left_child=2 7 4 9 8 -3 14 -2 12 -4 11 -5 13 -1 -7 -12 -11
right_child=1 5 3 10 -6 6 -8 -9 -10 16 15 -13 -14 -15 -16 -17 -18
leaf_value=-1.2748783775854455e-06 8.7583624515818078e-07 1.2187433274478386e-06 -2.0459550117875669e-06 2.200460110472903e-06 -4.2152061990231274e-06 1.7320316555863834e-06 4.882274594068119e-06 -1.0939966970879951e-06 -2.3287623785841386e-06 -1.1324664136733219e-07 -3.6031584181382125e-07 4.4373269972634654e-07 -1.845628518215394e-06 -7.3689416460599463e-08 2.881568547710778e-06 7.4432653822227969e-07 -1.0334164276661756e-06
leaf_weight=1023 803 1254 1164 972 819 867 1294 968 1576 799 853 1019 1006 835 816 892 1197
leaf_count=1023 803 1254 1164 972 819 867 1294 968 1576 799 853 1019 1006 835 816 892 1197
internal_value=1.27165e-08 1.89096e-06 -9.14569e-07 -1.10408e-07 -1.96865e-06 2.76654e-06 3.41782e-06 -1.99671e-07 -1.55378e-06 -1.17504e-06 7.89529e-07 1.3024e-06 -1.1266e-06 -7.36172e-07 2.29062e-06 2.03161e-07 -6.66112e-07
internal_weight=18157 6002 12155 6896 5259 4231 2977 1771 4440 3160 3736 1991 2864 1858 1683 1745 1996
internal_count=18157 6002 12155 6896 5259 4231 2977 1771 4440 3160 3736 1991 2864 1858 1683 1745 1996
is_linear=0
shrinkage=0.00242143


Tree=7
num_leaves=19
num_cat=0
split_feature=24 29 29 31 29 21 1 4 4 24 13 4 31 31 24 24 1 23
split_gain=0.00536772 0.00186566 0.001748 0.00112154 0.000829881 0.000722261 0.000831544 0.000375231 0.000318455 0.000236765 0.00016884 0.000121932 0.000115384 0.000108845 9.26627e-05 7.0541e-05 6.83903e-05 4.49763e-05
threshold=0.85248209206933701 -0.50000000000002653 -0.6666666666666744 -2629.297603976524 -0.98940687526495807 -0.25771574267913538 82.850000000000009 26.500000000000004 42.500000000000007 0.50534465310253085 -0.71524171137992065 74.500000000000014 -0.89951094534529652 -21.665127080822042 1.2205277677543336 0.53195060630305779 2362.5000000000005 0.14588815798614266
decision_type=10 10 8 10 10 10 10 10 10 8 10 10 8 10 10 10 8 10
left_child=2 7 4 9 8 -3 14 -2 12 -4 -5 15 17 -10 -7 -12 -11 -1
right_child=1 5 3 10 -6 6 -8 -9 13 16 11 -13 -14 -15 -16 -17 -18 -19
leaf_value=-2.9069332376312461e-06 -1.4294614348407489e-06 1.2157922421001825e-06 -2.0410008875280085e-06 1.6166754587084857e-06 -4.2049993913964703e-06 1.7278376688215451e-06 4.8704525343062017e-06 8.0998920162324491e-07 -1.3076655091543703e-07 -1.12972432539348e-07 2.9630966182524729e-07 -2.5841178391327866e-07 -1.4013507647975685e-06 -1.2953869184076519e-06 2.8745910597340674e-06 1.2657271204574809e-06 -1.0309141032856345e-06 -2.086388113748443e-06
leaf_weight=829 799 1254 1164 1041 819 867 1294 972 805 799 805 901 859 1147 816 989 1197 800
leaf_count=829 799 1254 1164 1041 819 867 1294 972 805 799 805 901 859 1147 816 989 1197 800
internal_value=1.26849e-08 1.88638e-06 -9.12356e-07 -1.10141e-07 -1.96389e-06 2.75985e-06 3.40955e-06 -1.99185e-07 -1.55002e-06 -1.1722e-06 7.87618e-07 4.66607e-07 -2.12495e-06 -8.16164e-07 2.28507e-06 8.31889e-07 -6.64501e-07 -2.50524e-06
internal_weight=18157 6002 12155 6896 5259 4231 2977 1771 4440 3160 3736 2695 2488 1952 1683 1794 1996 1629
internal_count=18157 6002 12155 6896 5259 4231 2977 1771 4440 3160 3736 2695 2488 1952 1683 1794 1996 1629
is_linear=0
shrinkage=0.00242143


Tree=8
num_leaves=16
num_cat=0
split_feature=29 31 29 31 21 1 31 1 6 6 21 27 19 23 1
split_gain=0.00526075 0.00230881 0.000894345 0.000560436 0.000499349 0.000342037 0.000253836 0.00024859 0.000226595 0.000143045 0.000133923 0.000107708 0.000107606 0.000138837 3.9146e-05
threshold=-0.50253164103948544 -1.2418553638712293 -0.98473307571521806 -2629.297603976524 -0.13718665367033409 82.850000000000009 1.5908144697163336 158.75000000000003 -1.0000000180025095e-35 0.27881086516570885 -0.25771574267913538 1.0000000180025095e-35 0.085668090501933733 0.72334235345888953 47.57500000000001
decision_type=10 10 10 8 10 10 10 10 2 2 10 10 10 8 10
left_child=2 3 6 -2 10 -6 9 -8 -5 12 -3 -10 13 14 -1
right_child=1 4 -4 8 5 -7 7 -9 11 -11 -12 -13 -14 -15 -16
leaf_value=-1.5130833911898344e-06 -1.3845766873195517e-06 6.987879361614168e-07 -3.4826031643828965e-06 1.4055596718044694e-06 2.1166259178154908e-06 3.7736915060443492e-06 7.0328191395199233e-07 -1.1650694118370993e-06 -3.1636507915719768e-07 -2.1747939019480689e-06 1.9434993558429951e-06 7.3407372113654378e-07 -5.1206621550605664e-07 -8.524853090468413e-07 -2.2369135171313633e-06
leaf_weight=1018 1261 848 1065 1104 1395 1553 795 878 1507 1021 1284 922 1115 1576 815
leaf_count=1018 1261 848 1065 1104 1395 1553 795 878 1507 1021 1284 922 1115 1576 815
internal_value=1.26531e-08 1.20654e-06 -1.4103e-06 7.85798e-10 2.344e-06 2.99027e-06 -1.10425e-06 -2.76e-07 4.95838e-07 -1.35377e-06 1.44939e-06 8.15069e-08 -1.16802e-06 -1.38195e-06 -1.83605e-06
internal_weight=18157 9874 8283 4794 5080 2948 7218 1673 3533 5545 2132 2429 4524 3409 1833
internal_count=18157 9874 8283 4794 5080 2948 7218 1673 3533 5545 2132 2429 4524 3409 1833
is_linear=0
shrinkage=0.00242143


Tree=9
num_leaves=17
num_cat=0
split_feature=24 29 29 29 21 1 21 3 13 33 7 24 5 2 24 26
split_gain=0.00532664 0.00184854 0.0017304 0.000823089 0.000715112 0.000825359 0.000621758 0.000288017 0.000247743 0.000222195 0.000135535 0.000109314 0.000154315 0.000100657 9.21383e-05 8.02044e-05
threshold=0.85248209206933701 -0.50000000000002653 -0.6666666666666744 -0.98940687526495807 -0.25771574267913538 82.850000000000009 -0.28870545135564313 78.750000000000014 -0.38229173983282988 14.500000000000002 0.052867300937449645 0.41880417084542826 1362.5742725959251 259.25000000000006 1.2205277677543336 -0.88168889802354911
decision_type=10 10 8 10 10 10 10 10 8 2 2 8 8 10 10 8
left_child=2 7 3 8 -3 14 11 -2 10 13 15 -4 -13 -8 -6 -1
right_child=1 4 6 -5 5 -7 9 -9 -10 -11 -12 12 -14 -15 -16 -17
leaf_value=-1.4687644589545234e-07 8.7387179045357996e-07 1.2121738295661224e-06 -1.5891872455565173e-06 -4.1870218920792578e-06 1.7191048838458242e-06 4.8505290906890323e-06 1.5980708025497923e-06 -1.087178224516156e-06 -2.3152155220332999e-06 -2.2257990945542274e-07 -1.8344542824656368e-06 1.1906415353373023e-07 -1.1229634649459136e-06 5.7847545895463871e-07 2.8626203444003993e-06 -1.1660035739954027e-06
leaf_weight=801 803 1254 903 819 867 1294 1031 968 1576 1280 1006 1012 1386 1284 816 1057
leaf_count=801 803 1254 903 819 867 1294 1031 968 1576 1280 1006 1012 1386 1284 816 1057
internal_value=1.26216e-08 1.87914e-06 -9.08872e-07 -1.95509e-06 2.74858e-06 3.39506e-06 -1.10706e-07 -1.96835e-07 -1.54292e-06 5.85667e-07 -1.11722e-06 -8.69729e-07 -5.9794e-07 1.03346e-06 2.27477e-06 -7.27766e-07
internal_weight=18157 6002 12155 5259 4231 2977 6896 1771 4440 3595 2864 3301 2398 2315 1683 1858
internal_count=18157 6002 12155 5259 4231 2977 6896 1771 4440 3595 2864 3301 2398 2315 1683 1858
is_linear=0
shrinkage=0.00242143


Tree=10
num_leaves=18
num_cat=0
split_feature=29 24 21 0 4 21 24 4 6 24 3 24 33 19 21 33 0
split_gain=0.00543065 0.00285698 0.00109285 0.00100149 0.000818467 0.000638085 0.00045025 0.00022696 0.000195754 0.000188577 0.000157038 0.000149899 0.000117176 8.56149e-05 9.09379e-05 7.28976e-05 7.13472e-05
threshold=-0.50253164103948544 0.85248209206933701 -0.25771574267913538 82.850000000000009 13.500000000000002 -0.23993840892365506 0.65116216937257776 43.500000000000007 -0.0048851656773730287 0.53195060630305779 61.45000000000001 0.36906804089748574 9.5000000000000018 0.053614718818719174 -0.21307075409421172 17.500000000000004 40.225000000000009
decision_type=10 10 10 10 8 10 10 8 2 10 10 10 2 8 8 2 10
left_child=4 5 -3 16 12 11 7 -6 -7 -10 -8 -2 -1 -9 -15 -13 -4
right_child=1 2 3 -5 6 8 10 13 9 -11 -12 15 -14 14 -16 -17 -18
leaf_value=-2.1852491351389184e-06 -1.6682606574988324e-06 8.4756471917104324e-07 2.8160431938546763e-06 5.1273542974318631e-06 -2.2574928873868028e-06 1.4818267410532945e-06 6.3571762060655275e-07 -1.7684193330203807e-06 -5.4844722541984904e-07 1.0587315027537931e-06 -7.0857270648448153e-07 8.242276963133862e-08 -3.4417000166990055e-06 -1.8897663610885333e-07 -1.2011139095892922e-06 -9.2731854415756341e-07 1.801304929620001e-06
leaf_weight=805 818 1270 797 1301 1423 1436 947 807 841 870 1102 870 984 806 1497 803 868
leaf_count=805 818 1270 797 1301 1423 1436 947 807 841 870 1102 870 984 806 1497 803 868
internal_value=1.01117e-08 1.2266e-06 2.72929e-06 3.53431e-06 -1.42455e-06 9.72178e-08 -1.02932e-06 -1.45514e-06 8.22294e-07 2.6755e-07 -8.62607e-08 -8.17973e-07 -2.87749e-06 -1.08735e-06 -8.47789e-07 -4.0099e-07 2.28829e-06
internal_weight=18245 9874 4236 2966 8371 5638 6582 4533 3147 1711 2049 2491 1789 3110 2303 1673 1665
internal_count=18245 9874 4236 2966 8371 5638 6582 4533 3147 1711 2049 2491 1789 3110 2303 1673 1665
is_linear=0
shrinkage=0.00242143


Tree=11
num_leaves=17
num_cat=0
split_feature=24 30 32 32 1 28 24 19 17 4 30 23 4 19 24 14
split_gain=0.00516725 0.00173436 0.00142612 0.000773037 0.000695442 0.00059946 0.000331512 0.00027728 0.000225702 0.000190298 0.000187822 0.000118379 0.000128098 0.000116407 6.74437e-05 4.80773e-05
threshold=0.85248209206933701 -0.00012952742967617585 -0.90679331222573945 0.99775511321496668 82.850000000000009 499.99999999993605 0.38715596683586279 0.042631227253012542 -0.10745977890057386 48.500000000000007 -0.00013864212972309901 -0.08813727350036514 42.500000000000007 0.15758995751542457 0.52838816588125537 -1.4198991797676008
decision_type=10 10 8 10 10 10 8 10 10 10 10 8 10 8 10 2
left_child=2 8 14 5 -3 6 7 -4 13 -9 11 -8 15 -2 -1 -13
right_child=1 4 3 -5 -6 -7 10 9 -10 -11 -12 12 -14 -15 -16 -17
leaf_value=7.4780185362214804e-07 -4.702157149606611e-07 2.2231099598858065e-06 -2.6418503587496155e-06 -3.0296862686605753e-06 4.7163275609504541e-06 1.010753769363982e-06 -1.7554278232790203e-06 -1.9596333455321713e-06 1.4051885974925496e-06 -4.247840942349096e-07 1.3741668701749194e-07 -7.1574127289871179e-07 4.3974871780120776e-08 7.404087820598104e-07 1.7517351876486944e-06 -1.3732624162328867e-06
leaf_weight=795 948 1518 1301 1210 1162 815 983 945 1423 958 1022 1279 804 914 795 1373
leaf_count=795 948 1518 1301 1210 1162 815 983 945 1423 958 1022 1279 804 914 795 1373
internal_value=1.00864e-08 1.85914e-06 -8.87921e-07 -1.20626e-06 3.3049e-06 -9.73307e-07 -1.16016e-06 -1.77903e-06 6.79012e-07 -1.18806e-06 -7.96689e-07 -1.01222e-06 -8.00223e-07 1.2293e-07 1.25107e-06 -1.05694e-06
internal_weight=18245 5965 12280 10690 2680 9480 8665 3204 3285 1903 5461 4439 3456 1862 1590 2652
internal_count=18245 5965 12280 10690 2680 9480 8665 3204 3285 1903 5461 4439 3456 1862 1590 2652
is_linear=0
shrinkage=0.00242143


Tree=12
num_leaves=17
num_cat=0
split_feature=30 8 8 20 20 20 5 28 33 8 23 33 23 8 5 33
split_gain=0.00403894 0.00190249 0.00100339 0.000784164 0.000695129 0.000487649 0.000457397 0.00038811 0.000303699 0.000195066 0.000183267 0.000142884 0.000130714 0.000100384 6.80456e-05 1.69911e-06
threshold=-0.00013155939769923477 -0.19060328851941263 -0.022746025948646675 0.47648383294787405 0.84121394230769242 0.49473407104986061 81.132177558986015 0.49999999999997341 11.500000000000002 -0.1506829134893842 -0.0029753026120911126 7.5000000000000009 -0.3274078416732919 -0.039551901434541022 80.950154218723597 9.5000000000000018
decision_type=10 10 10 8 10 10 10 10 2 8 8 2 10 10 10 2
left_child=2 5 3 6 13 -2 -1 9 -7 14 12 -8 -11 -3 -5 -12
right_child=1 4 -4 7 -6 8 11 -9 -10 10 15 -13 -14 -15 -16 -17
leaf_value=-1.0786814553805337e-06 -1.2948869920814212e-06 1.8296037889718659e-06 1.7106293094870807e-06 -9.8172628138671268e-07 4.9124595725609038e-06 1.6339229687335166e-06 -2.2151033785674578e-06 5.9092712606197207e-07 5.7432342151405224e-08 -6.409974842769124e-07 -1.1263042778938147e-06 -3.6188431072476544e-06 6.9236614316848929e-07 2.9212001114199714e-06 -1.747262146246813e-06 -9.446441606911302e-07
leaf_weight=1564 806 1281 835 1468 801 1417 900 1299 1455 800 868 828 934 825 1303 861
leaf_count=1564 806 1281 835 1468 801 1417 900 1299 1455 800 868 828 934 825 1303 861
internal_value=1.0062e-08 1.52619e-06 -8.45998e-07 -1.0434e-06 2.99028e-06 3.68449e-07 -2.02953e-06 -6.12173e-07 8.35971e-07 -8.632e-07 -4.79115e-07 -2.88893e-06 7.60079e-08 2.25821e-06 -1.34245e-06 -1.03704e-06
internal_weight=18245 6585 11660 10825 2907 3678 3292 7533 2872 6234 3463 1728 1734 2106 2771 1729
internal_count=18245 6585 11660 10825 2907 3678 3292 7533 2872 6234 3463 1728 1734 2106 2771 1729
is_linear=0
shrinkage=0.00242143


Tree=13
num_leaves=18
num_cat=0
split_feature=24 30 32 32 16 28 21 24 4 1 6 30 23 4 24 24 14
split_gain=0.00512306 0.00171725 0.0014142 0.00076535 0.000752385 0.000594989 0.000421976 0.000329476 0.000231681 0.000222237 0.00021309 0.0001858 0.000117631 0.000127497 9.71882e-05 6.70624e-05 4.78963e-05
threshold=0.85248209206933701 -0.00012952742967617585 -0.90679331222573945 0.99775511321496668 -0.31782027409830099 499.99999999993605 -0.28419763947434368 0.38715596683586279 28.500000000000004 130.75000000000003 -0.16595729760137587 -0.00013864212972309901 -0.08813727350036514 42.500000000000007 1.209312233356117 0.52838816588125537 -1.4198991797676008
decision_type=10 10 8 10 10 10 8 8 10 10 2 10 8 10 10 10 2
left_child=2 6 15 5 14 7 -2 8 -4 -8 -10 12 -9 16 -3 -1 -14
right_child=1 4 3 -5 -6 -7 9 11 10 -11 -12 -13 13 -15 -16 -17 -18
leaf_value=7.4405985971607591e-07 -7.7440899037409353e-07 1.73687615351613e-06 -2.5349723305505359e-06 -3.0154704180631588e-06 4.9598499249247556e-06 1.0073081921348613e-06 6.3487951755155522e-07 -1.7483624223666263e-06 -3.4946140801619064e-07 2.1597107174130531e-06 -1.9981520695084619e-06 1.3591796044999488e-07 -7.1173516230146566e-07 4.6039218181716145e-08 2.9110226946013838e-06 1.7451611132762622e-06 -1.3680140739275553e-06
leaf_weight=795 864 877 1354 1210 996 815 1532 983 882 889 968 1022 1279 804 807 795 1373
leaf_count=795 864 877 1354 1210 996 815 1532 983 882 889 968 1022 1279 804 807 795 1373
internal_value=1.00371e-08 1.85117e-06 -8.84122e-07 -1.20113e-06 3.28978e-06 -9.69336e-07 6.76874e-07 -1.15549e-06 -1.77245e-06 1.19566e-06 -1.21325e-06 -7.93136e-07 -1.0075e-06 -7.96175e-07 2.30078e-06 1.24592e-06 -1.05229e-06
internal_weight=18245 5965 12280 10690 2680 9480 3285 8665 3204 2421 1850 5461 4439 3456 1684 1590 2652
internal_count=18245 5965 12280 10690 2680 9480 3285 8665 3204 2421 1850 5461 4439 3456 1684 1590 2652
is_linear=0
shrinkage=0.00242143


Tree=14
num_leaves=18
num_cat=0
split_feature=29 8 4 8 21 8 33 2 4 17 33 1 33 19 13 30 14
split_gain=0.00534238 0.00246531 0.000811037 0.00072801 0.000431403 0.00038291 0.000327004 0.000329612 0.000216957 0.000204917 0.00019659 0.000172011 0.000116604 8.27384e-05 4.62406e-05 2.03401e-05 1.21064e-05
threshold=-0.50253164103948544 -0.19060328851941263 13.500000000000002 -0.013928868354759353 -0.24655101834621254 -0.17671882151874077 6.5000000000000009 58.95000000000001 43.500000000000007 -0.24371057779246563 11.500000000000002 78.350000000000009 9.5000000000000018 0.042631227253012542 -0.77172950781321803 -0.00034820724969454885 -1.4198991797676008
decision_type=10 10 8 10 10 10 2 10 8 8 2 10 2 10 10 10 2
left_child=2 4 12 6 9 8 -3 -8 15 -2 -6 -7 -1 16 -11 -4 -10
right_child=1 3 5 -5 10 11 7 -9 13 14 -12 -13 -14 -15 -16 -17 -18
leaf_value=-2.1687290427094233e-06 -1.3879573412517372e-06 9.294683093536375e-07 -2.3688757389265386e-06 4.7330048330799475e-06 1.5428894466619331e-06 7.935296072599733e-07 1.7065234802455707e-06 3.6538907230717045e-06 -1.1572068553236419e-06 3.0811923572489817e-07 2.8123581798167695e-07 -7.6674639246402386e-07 -3.4220907221947556e-06 -5.4847813543048756e-07 -3.7445870758412223e-07 -1.8058071285347454e-06 -1.5612036803925252e-06
leaf_weight=805 824 865 804 849 1520 801 997 1055 1116 1349 1392 858 984 1385 1023 810 808
leaf_count=805 824 865 804 849 1520 801 997 1055 1116 1349 1392 858 984 1385 1023 810 808
internal_value=1.0013e-08 1.21658e-06 -1.41294e-06 2.75752e-06 2.66139e-07 -1.0195e-06 2.18183e-06 2.70874e-06 -1.35855e-06 -3.47653e-07 9.40504e-07 -1.21621e-08 -2.85928e-06 -1.00232e-06 1.28614e-08 -2.08758e-06 -1.32795e-06
internal_weight=18245 9874 8371 3766 6108 6582 2917 2052 4923 3196 2912 1659 1789 3309 2372 1614 1924
internal_count=18245 9874 8371 3766 6108 6582 2917 2052 4923 3196 2912 1659 1789 3309 2372 1614 1924
is_linear=0
shrinkage=0.00242143


Tree=15
num_leaves=19
num_cat=0
split_feature=24 29 29 8 4 21 20 17 29 3 24 8 24 17 6 24 15 3
split_gain=0.00497761 0.00171381 0.00153881 0.000958578 0.000697579 0.000489514 0.000481743 0.000390893 0.000377902 0.00023654 0.00020482 0.00019325 0.000180146 0.00017449 0.000167014 0.000242487 8.25458e-05 7.57456e-05
threshold=0.85248209206933701 -0.50253164103948544 -1.0000000180025095e-35 -0.013928868354759353 42.500000000000007 -0.28870545135564313 0.84706361908572581 -0.10745977890057386 -0.99080042277454705 78.750000000000014 0.46530597010561753 -0.64477981844128462 0.38368632809496356 -0.2124526452418953 -0.32988294309615668 0.62989296878216572 -0.43300140598306674 260.25000000000006
decision_type=10 10 10 10 8 10 10 10 10 10 10 10 10 10 2 10 10 8
left_child=2 9 4 6 8 13 7 -3 12 -2 11 17 -1 -4 -7 16 -16 -6
right_child=1 3 5 -5 10 14 -8 -9 -10 -11 -12 -13 -14 -15 15 -17 -18 -19
leaf_value=-2.7594625968253352e-06 7.4078218365667185e-07 4.5354139034532653e-07 -1.6213831313221816e-06 4.9462671684647347e-06 -2.9899859601707211e-07 1.6142444867202539e-06 3.5924880310312684e-06 2.4005622626358732e-06 -3.9313314504346078e-06 -1.0622839885892744e-06 4.7935098540755684e-08 -2.2436039372864557e-06 -1.3780821440138585e-06 -1.697215946942763e-07 -7.3613447509670495e-07 1.445929919751152e-06 3.5054736732226565e-07 -1.2352633586705508e-06
leaf_weight=1003 799 1119 922 853 832 831 891 1323 802 914 910 846 1257 1033 798 803 840 1323
leaf_count=1003 799 1119 922 853 832 831 891 1323 802 914 910 846 1257 1033 798 803 840 1323
internal_value=-6.9956e-09 1.81908e-06 -8.90116e-07 2.65403e-06 -1.63469e-06 1.0278e-07 2.06676e-06 1.50923e-06 -2.50068e-06 -2.20063e-07 -9.56167e-07 -1.26133e-06 -1.99207e-06 -8.55403e-07 6.75923e-07 3.55636e-07 -1.77596e-07 -8.74754e-07
internal_weight=18099 5899 12200 4186 6973 5227 3333 2442 3062 1713 3911 3001 2260 1955 3272 2441 1638 2155
internal_count=18099 5899 12200 4186 6973 5227 3333 2442 3062 1713 3911 3001 2260 1955 3272 2441 1638 2155
is_linear=0
shrinkage=0.00242143


Tree=16
num_leaves=17
num_cat=0
split_feature=29 8 8 29 32 8 4 28 23 14 22 16 8 13 8 30
split_gain=0.00480635 0.00248374 0.000840639 0.000790072 0.000678817 0.000505332 0.000443394 0.000360098 0.00019807 0.000129904 0.000128076 0.000117054 8.06561e-05 7.48626e-05 6.63328e-05 5.29375e-05
threshold=-0.50253164103948544 -0.14547674281755807 -0.013928868354759353 -0.98473307571521806 -0.33316675920373867 -0.13026813001915952 42.500000000000007 1.0000000000000357 0.12770457682921335 -1.3044258373205737 inf -0.59157557851260312 -0.40110264918927757 -0.3401152416048337 -0.48421132321576227 -0.00043470323163490775
decision_type=10 10 10 10 10 10 8 10 10 2 8 10 10 10 10 10
left_child=3 4 11 5 10 6 13 8 12 15 -2 -3 -6 14 -1 -8
right_child=1 2 -4 -5 7 -7 9 -9 -10 -11 -12 -13 -14 -15 -16 -17
leaf_value=-2.3123000979353138e-06 9.3959082897983718e-07 1.3872950006702096e-06 4.9575444489483701e-06 -3.3297671418908927e-06 -4.6722678583862405e-07 1.8618446250284146e-07 -1.3956921762418006e-06 1.2019323932393757e-06 -1.2468121395700398e-06 -4.1957359324508369e-08 2.1550957376897364e-06 2.5406783189019952e-06 4.9227027088420973e-07 -2.7332766528196477e-06 -1.3580805865436819e-06 -6.1140440218936784e-07
leaf_weight=899 1308 797 855 1048 1337 1472 1420 829 1485 951 842 1518 833 859 845 801
leaf_count=899 1308 797 855 1048 1337 1472 1420 829 1485 951 842 1518 833 859 845 801
internal_value=-6.97867e-09 1.14069e-06 2.90388e-06 -1.36367e-06 2.97847e-07 -1.07907e-06 -1.40193e-06 -2.38104e-07 -5.65291e-07 -7.93086e-07 1.41658e-06 2.14449e-06 -9.79477e-08 -2.14306e-06 -1.85115e-06 -1.11377e-06
internal_weight=18099 9804 3170 8295 6634 7247 5775 4484 3655 3172 2150 2315 2170 2603 1744 2221
internal_count=18099 9804 3170 8295 6634 7247 5775 4484 3655 3172 2150 2315 2170 2603 1744 2221
is_linear=0
shrinkage=0.00242143


Tree=17
num_leaves=17
num_cat=0
split_feature=29 8 8 29 20 8 31 4 23 21 31 13 31 13 21 8
split_gain=0.00478312 0.00247173 0.000836566 0.000786246 0.000753059 0.000502893 0.000481835 0.000441248 0.000186957 0.000161415 0.000139458 9.84876e-05 8.73157e-05 7.44963e-05 8.8547e-05 4.81803e-05
threshold=-0.50253164103948544 -0.14547674281755807 -0.013928868354759353 -0.98473307571521806 0.80153003897644659 -0.13026813001915952 -297.93389783769527 42.500000000000007 0.040863978880459235 -0.12545137074697119 -16.086821023446948 -0.66574430721430466 -0.34713422638491293 -0.3401152416048337 -0.36485522472490517 -0.1829338836110577
decision_type=10 10 10 10 10 10 10 8 10 10 8 10 8 10 10 8
left_child=3 4 9 5 6 7 8 13 -2 -3 -9 -8 -6 14 -1 -12
right_child=1 2 -4 -5 12 -7 11 10 -10 -11 15 -13 -14 -15 -16 -17
leaf_value=-2.3832615598999205e-06 -1.3512639516818302e-07 1.4177466901952874e-06 4.9455401614211361e-06 -3.3217043186787577e-06 1.1274956726317229e-06 1.8573363549492057e-07 1.3163001658823846e-06 -4.7269265793389159e-08 -1.4414852003043156e-06 2.7110208429300468e-06 -1.5989282275883146e-06 2.6108172074802491e-07 2.2325834776682341e-06 -2.7266582354596741e-06 -1.2837485223824073e-06 -8.4942890040639189e-07
leaf_weight=891 1120 1025 855 1048 841 1472 799 1012 1518 1290 831 1497 859 859 853 1329
leaf_count=891 1120 1025 855 1048 841 1472 799 1012 1518 1290 831 1497 859 859 853 1329
internal_value=-6.96176e-09 1.13793e-06 2.89685e-06 -1.36037e-06 2.97127e-07 -1.07646e-06 -1.8137e-07 -1.39854e-06 -8.87639e-07 2.1393e-06 -7.91169e-07 6.29198e-07 1.68711e-06 -2.13787e-06 -1.84668e-06 -1.13874e-06
internal_weight=18099 9804 3170 8295 6634 7247 4934 5775 2638 2315 3172 2296 1700 2603 1744 2160
internal_count=18099 9804 3170 8295 6634 7247 4934 5775 2638 2315 3172 2296 1700 2603 1744 2160
is_linear=0
shrinkage=0.00242143


Tree=18
num_leaves=18
num_cat=0
split_feature=24 29 29 8 31 4 27 29 21 0 24 31 24 24 30 15 33
split_gain=0.00491687 0.00168893 0.00151613 0.000942948 0.000912511 0.000688627 0.000392085 0.000374705 0.000261637 0.000231313 0.000203506 0.00019452 0.000178709 0.000156983 0.000142625 5.65963e-05 1.80695e-05
threshold=0.85248209206933701 -0.50253164103948544 -1.0000000180025095e-35 -0.013928868354759353 -2629.297603976524 42.500000000000007 0.22500000000000145 -0.99080042277454705 -0.25367978625426285 78.65000000000002 0.46530597010561753 -53.784082988983094 0.38368632809496356 0.52838816588125537 7.3336048775197616e-05 -0.43300140598306674 6.5000000000000009
decision_type=10 10 10 10 10 8 10 10 10 10 10 10 10 10 8 10 2
left_child=2 9 5 6 13 7 8 12 -3 -2 11 16 -1 -4 15 -6 -7
right_child=1 3 4 -5 14 10 -8 -9 -10 -11 -12 -13 -14 -15 -16 -17 -18
leaf_value=-2.7420141346668538e-06 7.3719120188482508e-07 6.202657529795958e-07 -1.7563849210573758e-06 4.9103106307567012e-06 8.807736290709883e-07 -1.0558578016596583e-06 3.5257939955689852e-06 -3.9087378202922881e-06 2.2163840193731115e-06 -1.0462736336460496e-06 5.1306393778536621e-08 -2.0595445453392744e-06 -1.3661490879323808e-06 -3.8042852469236867e-07 3.3363972797802593e-07 1.7568559869267001e-06 -5.7035030990542828e-07
leaf_weight=1003 796 1003 1165 853 805 811 807 802 1523 917 910 1110 1257 842 1446 969 1080
leaf_count=1003 796 1003 1165 853 805 811 807 802 1523 917 910 1110 1257 842 1446 969 1080
internal_value=-6.94491e-09 1.80795e-06 -8.84662e-07 2.63682e-06 1.0089e-07 -1.62373e-06 2.05435e-06 -2.48415e-06 1.58343e-06 -2.16319e-07 -9.49569e-07 -1.25376e-06 -1.97769e-06 -1.18016e-06 9.00004e-07 1.36048e-06 -7.79669e-07
internal_weight=18099 5899 12200 4186 5227 6973 3333 3062 2526 1713 3911 3001 2260 2007 3220 1774 1891
internal_count=18099 5899 12200 4186 5227 6973 3333 3062 2526 1713 3911 3001 2260 2007 3220 1774 1891
is_linear=0
shrinkage=0.00242143


Tree=19
num_leaves=18
num_cat=0
split_feature=31 8 30 32 32 21 17 32 16 4 17 8 13 17 16 8 27
split_gain=0.00394772 0.00198839 0.00140926 0.0011262 0.000580263 0.000380149 0.000343915 0.000293709 0.000246642 0.000240163 0.000206204 0.000157062 0.000129438 8.06208e-05 5.08765e-05 4.52793e-05 7.37373e-06
threshold=0.17677872479825754 -0.00749857877759147 -0.0002728471930297899 -0.90679331222573945 0.99709198763887641 -0.13718665367033409 -0.082320663147164228 0.66650004628241188 -0.23564138233551812 41.500000000000007 -0.2124526452418953 -0.58393604459969695 -0.58330483356133145 -0.10745977890057386 -0.18086830747430319 -0.41787600667040287 -4.4999999999999991
decision_type=10 10 8 8 10 10 10 10 10 8 8 10 10 10 8 8 10
left_child=3 2 -2 -1 6 13 9 12 -7 10 15 16 -8 -4 -12 -5 -11
right_child=1 -3 5 4 -6 8 7 -9 -10 11 14 -13 -14 -15 -16 -17 -18
leaf_value=1.2324936310748675e-06 -1.1355770177848412e-06 4.8622216078668653e-06 4.4487054222351166e-07 -2.7084831190947337e-06 -2.8305251525623113e-06 1.7235831522811173e-06 1.0535113076605072e-06 -1.3046424583685021e-06 3.3877220832876231e-06 -9.774198287697993e-07 -1.5539565263212024e-06 1.5850664395534912e-07 -2.6471719738775495e-07 1.3883440552939017e-06 -7.0379574573590377e-07 -1.8966659543002049e-06 -1.2884132978272279e-06
leaf_weight=1302 1441 873 1162 859 1089 1540 822 975 798 1179 801 795 928 992 879 812 852
leaf_count=1302 1441 873 1162 859 1089 1540 822 975 798 1179 801 795 928 992 879 812 852
internal_value=-6.92781e-09 1.44968e-06 9.47192e-07 -8.84969e-07 -1.16112e-06 1.61579e-06 -9.56663e-07 -2.39155e-07 2.29247e-06 -1.27286e-06 -1.71181e-06 -7.51626e-07 3.53289e-07 8.8034e-07 -1.11038e-06 -2.31524e-06 -1.1089e-06
internal_weight=18099 6806 5933 11293 9991 4492 8902 2725 2338 6177 3351 2826 1750 2154 1680 1671 2031
internal_count=18099 6806 5933 11293 9991 4492 8902 2725 2338 6177 3351 2826 1750 2154 1680 1671 2031
is_linear=0
shrinkage=0.00242143


Tree=20
num_leaves=17
num_cat=0
split_feature=31 21 28 32 32 23 31 23 33 16 4 21 11 21 5 3
split_gain=0.00359071 0.00129694 0.00125111 0.000786358 0.000484563 0.000308059 0.000283291 0.000320322 0.000262915 0.000532394 0.000266022 0.000242632 0.000155762 0.000152611 0.000141883 1.76508e-05
threshold=0.17677872479825754 -0.25771574267913538 499.74999999993616 0.99775511321496668 -0.4999125181208447 -0.26325671429484737 184.54495999963092 -0.26325671429484737 18.500000000000004 -0.21120061590926195 51.500000000000007 -0.31266903691633358 0.18616785847614706 -0.086975533549374248 58.86231450971281 27.725000000000005
decision_type=10 10 10 10 10 10 10 10 2 8 10 8 10 10 10 10
left_child=2 5 3 8 13 -2 7 -6 10 -10 11 -1 -12 -3 15 -13
right_child=1 4 -4 -5 6 -7 -8 -9 9 -11 12 14 -14 -15 -16 -17
leaf_value=-1.8900258766833504e-06 -1.158003752381221e-06 2.3669435522807094e-06 1.2414251942291133e-06 -3.1469849678226336e-06 -1.8876075277444114e-07 8.1891186764941578e-07 2.5050323512573416e-06 1.7317561649392546e-06 -2.9891783705665894e-06 -5.8813137084580126e-07 -7.3809843489562533e-07 -8.4161245214528275e-07 5.6139624414891323e-07 3.8518136141335497e-06 -2.0084309035977005e-08 -1.3565578962292635e-06
leaf_weight=1293 1071 803 1485 1029 818 812 1124 1341 956 1255 928 815 1296 845 1274 815
leaf_count=1293 1071 803 1485 1029 818 812 1124 1341 956 1255 928 815 1296 845 1274 815
internal_value=1.93004e-08 1.40415e-06 -8.27128e-07 -1.1453e-06 2.05701e-06 -3.04403e-07 1.51798e-06 1.00315e-06 -9.06445e-07 -1.62724e-06 -6.57922e-07 -1.01671e-06 1.82282e-08 3.12956e-06 -6.27151e-07 -1.10036e-06
internal_weight=17960 6814 11146 9661 4931 1883 3283 2159 8632 2211 6421 4197 2224 1648 2904 1630
internal_count=17960 6814 11146 9661 4931 1883 3283 2159 8632 2211 6421 4197 2224 1648 2904 1630
is_linear=0
shrinkage=0.00242143


Tree=21
num_leaves=17
num_cat=0
split_feature=30 31 32 31 20 28 20 8 4 31 20 4 19 4 3 0
split_gain=0.00363298 0.00182421 0.00106309 0.000718945 0.000646518 0.000467399 0.000457766 0.000288666 0.00021737 0.000278197 0.000121872 0.000106036 9.89923e-05 9.49009e-05 6.87575e-05 2.95899e-05
threshold=-0.00013554342950860431 0.094329001605013715 0.99775511321496668 261.14316787383194 0.84706361908572581 0.49999999999985795 0.50134227231381778 -0.14779231799348044 94.500000000000014 -2.7382297559514757 0.48422653738713262 44.500000000000007 0.10085565041552556 42.500000000000007 114.25000000000001 275.25000000000006
decision_type=10 10 10 10 10 10 10 10 10 8 10 10 10 10 8 8
left_child=2 6 3 5 7 8 -2 -3 9 13 15 -8 -9 -1 -12 -11
right_child=1 4 -4 -5 -6 -7 11 12 -10 10 14 -13 -14 -15 -16 -17
leaf_value=-2.1518420811322603e-06 -1.2290850934416989e-06 8.2759879334027271e-07 -2.766195365249665e-06 1.5588697854627779e-06 4.3694024258539107e-06 6.8574761524294058e-07 2.6216826643778637e-07 1.9160250889661227e-06 -4.6482065782913972e-08 -1.5085648680152475e-06 4.7733196905670773e-08 1.4263235776484328e-06 3.0538453447701046e-06 -1.1200113117046536e-06 -8.0733925219053367e-07 -9.1490359043339925e-07
leaf_weight=1523 1060 836 1420 883 918 1189 1081 825 1329 904 1162 804 1022 812 1042 1150
leaf_count=1523 1060 836 1420 883 918 1189 1081 825 1329 904 1162 804 1022 812 1042 1150
internal_value=1.92525e-08 1.45744e-06 -8.05374e-07 -5.26562e-07 2.61343e-06 -7.28902e-07 4.32389e-08 2.01184e-06 -9.41486e-07 -1.12158e-06 -7.52405e-07 7.59811e-07 2.54674e-06 -1.79391e-06 -3.55584e-07 -1.17719e-06
internal_weight=17960 6546 11414 9994 3601 9111 2945 2683 7922 6593 4258 1885 1847 2335 2204 2054
internal_count=17960 6546 11414 9994 3601 9111 2945 2683 7922 6593 4258 1885 1847 2335 2204 2054
is_linear=0
shrinkage=0.00242143


Tree=22
num_leaves=18
num_cat=0
split_feature=29 31 4 20 29 20 21 31 31 31 3 33 31 11 16 11 33
split_gain=0.00498 0.0019817 0.000993562 0.000745203 0.000621062 0.000512192 0.000331961 0.000288954 0.000227132 0.000190898 0.00016579 0.000228954 0.000151583 0.000141191 0.000113259 6.22096e-05 2.28533e-05
threshold=-0.50253164103948544 0.17677872479825754 26.500000000000004 0.84654981935298224 -0.99150386641948118 0.80153003897644659 -0.23461548811900237 -783.52876748901087 -2.4238523732113264 -53.784082988983094 259.25000000000006 14.500000000000002 -2.8886365109125212 0.86965793067689801 -0.49947243528054081 0.35972924713745058 13.500000000000002
decision_type=10 10 8 10 10 10 10 8 10 8 10 2 8 10 8 10 2
left_child=2 5 4 6 12 7 -3 -2 9 -4 11 -9 -1 15 -11 -8 -16
right_child=1 3 8 -5 -6 -7 13 10 -10 14 -12 -13 -14 -15 16 -17 -18
leaf_value=-2.5564108949851481e-06 -1.2088358811132585e-06 4.9076796544827808e-07 -2.5391831514495401e-08 4.2072372502919328e-06 -4.2376860756070216e-06 1.6000933241283093e-06 2.3776675557809392e-06 1.506054733347039e-06 5.0860117874694212e-08 -2.0733887680947638e-06 -6.827671273633148e-07 -2.1969887268013167e-07 -1.2478725219085973e-06 3.0502084715176256e-06 -1.2777647186801363e-06 1.4910372733054305e-06 -7.5316371677787581e-07
leaf_weight=884 1275 834 832 990 841 1112 823 868 1555 876 857 934 1283 867 1042 1117 970
leaf_count=884 1275 834 832 990 841 1112 823 868 1555 876 857 934 1283 867 1042 1117 970
internal_value=1.92059e-08 1.19898e-06 -1.35887e-06 2.34282e-06 -2.46973e-06 1.48794e-07 1.83531e-06 -2.60909e-07 -7.2502e-07 -1.0499e-06 1.92846e-07 6.10424e-07 -1.78263e-06 2.23406e-06 -1.34434e-06 1.86824e-06 -1.02588e-06
internal_weight=17960 9677 8283 4631 3008 5046 3641 3934 5275 3720 2659 1802 2167 2807 2888 1940 2012
internal_count=17960 9677 8283 4631 3008 5046 3641 3934 5275 3720 2659 1802 2167 2807 2888 1940 2012
is_linear=0
shrinkage=0.00242143


Tree=23
num_leaves=15
num_cat=0
split_feature=24 30 20 33 0 30 5 0 3 31 5 5 0 27
split_gain=0.0048142 0.00175526 0.00116927 0.000516432 0.000509604 0.00043073 0.000330079 0.000380332 0.000309787 0.000292042 0.000279689 0.000269411 0.000168507 5.43182e-05
threshold=0.85248209206933701 -0.00013554342950860431 0.49473407104986061 18.500000000000004 82.850000000000009 -0.00023814709381297168 81.132177558986015 230.75000000000003 259.25000000000006 208.7912392677228 78.586386866235173 990.97293496113355 40.225000000000009 0.19999999999999932
decision_type=10 10 10 2 10 10 10 10 10 8 10 10 8 8
left_child=2 9 6 5 -3 -4 12 -8 -7 10 -2 -9 -1 -14
right_child=1 4 3 -5 -6 8 7 11 -10 -11 -12 -13 13 -15
leaf_value=-1.8336047360504547e-06 9.0577524117435045e-07 2.3315742691236062e-06 -6.6448960335848576e-07 -1.2354867242086214e-06 4.4613307391668585e-06 1.6906222371154483e-06 -3.3215764988160122e-06 -7.2144634217383187e-07 -5.2385041470582229e-09 1.3434865370055075e-06 -1.0889147892602892e-06 -2.5509011105755394e-06 -3.3353624771421596e-07 -1.071358726802562e-06
leaf_weight=1107 806 1544 1415 1549 1158 1537 1057 1099 1068 1578 843 833 1237 1129
leaf_count=1107 806 1544 1415 1549 1158 1537 1057 1099 1068 1578 843 833 1237 1129
internal_value=1.91586e-08 1.8051e-06 -8.60801e-07 -4.72625e-08 3.2451e-06 4.10073e-07 -1.56159e-06 -2.15217e-06 9.94556e-07 5.98736e-07 -1.1269e-07 -1.51131e-06 -1.05272e-06 -6.86485e-07
internal_weight=17960 5929 12031 5569 2702 4020 6462 2989 2605 3227 1649 1932 3473 2366
internal_count=17960 5929 12031 5569 2702 4020 6462 2989 2605 3227 1649 1932 3473 2366
is_linear=0
shrinkage=0.00242143


Tree=24
num_leaves=18
num_cat=0
split_feature=24 21 28 32 8 20 32 24 22 6 19 8 22 17 28 22 14
split_gain=0.00479093 0.00153393 0.00127181 0.000912885 0.000813412 0.000515542 0.000492747 0.000371431 0.000272152 0.000266667 0.000270168 0.00018525 0.000136002 8.96731e-05 5.82686e-05 5.39056e-05 2.02839e-06
threshold=0.85248209206933701 -0.25771574267913538 500.25000000000722 0.99775511321496668 -0.010003463102031864 0.4975901339709205 -0.33266858639092672 0.39049613165383629 -0.065854996263481805 0.045112081400607511 0.044365305416228483 -0.01867479243506882 -0.1555626568116063 -0.23795243774837918 -0.50000000000008871 -0.25275613163175692 -1.3529562542720439
decision_type=10 10 10 10 10 10 8 8 8 2 10 8 10 8 10 10 2
left_child=2 11 3 6 5 -3 -1 9 -9 10 -8 -2 -7 -10 16 -4 -15
right_child=1 4 15 -5 -6 12 7 8 13 -11 -12 -13 -14 14 -16 -17 -18
leaf_value=8.3678895505076463e-07 -5.4916724668852413e-07 7.2987468117893862e-07 1.5800757703572187e-06 -3.174893047883179e-06 4.8790989537249852e-06 3.4751234241802887e-06 -2.1549741627348784e-06 2.3239600759587586e-07 -1.6488195825572057e-06 -2.7574674341047184e-06 -4.0984050700780753e-07 8.5008946658387191e-07 2.1517570547485401e-06 -9.9181020784041555e-07 -3.7270828881492917e-07 6.9092672852784753e-07 -1.1859434001898796e-06
leaf_weight=855 1009 988 807 1181 826 1051 1008 1363 1005 1038 1082 1230 825 945 1126 816 805
leaf_count=855 1009 988 807 1181 826 1051 1008 1363 1005 1038 1082 1230 825 945 1126 816 805
internal_value=1.91105e-08 1.80073e-06 -8.58719e-07 -1.16971e-06 2.76018e-06 2.14833e-06 -9.12831e-07 -1.09176e-06 -6.97193e-07 -1.75258e-06 -1.25251e-06 2.18591e-07 2.89426e-06 -1.0242e-06 -8.05204e-07 1.13432e-06 -1.0823e-06
internal_weight=17960 5929 12031 10408 3690 2864 9227 8372 5244 3128 2090 2239 1876 3881 2876 1623 1750
internal_count=17960 5929 12031 10408 3690 2864 9227 8372 5244 3128 2090 2239 1876 3881 2876 1623 1750
is_linear=0
shrinkage=0.00242143


Tree=25
num_leaves=18
num_cat=0
split_feature=29 24 5 29 19 32 17 24 26 4 24 27 14 10 33 24 30
split_gain=0.00529294 0.00300653 0.000844235 0.000843768 0.000739129 0.00049375 0.000417256 0.00041639 0.000266211 0.000254628 0.000150944 0.000141221 0.000128963 0.000113694 0.000106573 0.000104772 4.96167e-05
threshold=-0.50253164103948544 0.85248209206933701 114.29881780157204 -0.98501898920110598 0.096409195383897181 -0.49751243781097171 -0.24371057779246563 0.95595560671775437 -0.60075359900432324 46.500000000000007 0.38368632809496356 1.0000000180025095e-35 -1.3044258373205737 -21.749999999999996 10.500000000000002 0.50534465310253085 -0.0003612620584369321
decision_type=10 10 10 10 10 10 10 10 8 8 10 10 2 10 2 10 10
left_child=3 5 11 7 -4 14 -7 9 15 10 -1 -3 13 -11 -2 -8 -12
right_child=1 2 4 -5 -6 6 8 -9 -10 12 16 -13 -14 -15 -16 -17 -18
leaf_value=-2.6314629127556591e-06 1.7113491389388354e-06 1.3439246968324792e-06 2.4960968604197685e-06 -3.4350139634835149e-06 5.7023754549673116e-06 -1.8382805355650816e-06 -6.9229688447649936e-08 1.8388824257178804e-08 -1.1946412701688327e-06 -8.519347881376035e-07 -1.9253425131197116e-06 2.5360485587700805e-06 -1.9481435486367376e-07 -1.9931425422365987e-06 4.9238948500782808e-07 1.008358792781249e-06 -1.0815894797677299e-06
leaf_weight=1188 821 1532 891 1109 806 991 1133 1401 818 1369 820 954 907 828 875 987 850
leaf_count=1188 821 1532 891 1109 806 991 1133 1401 818 1369 820 954 907 828 875 987 850
internal_value=-6.29776e-08 1.14788e-06 2.70252e-06 -1.46502e-06 4.02016e-06 -7.85898e-09 -4.79567e-07 -1.16803e-06 -2.05596e-08 -1.44717e-06 -1.96937e-06 1.80224e-06 -9.6568e-07 -1.28298e-06 1.08369e-06 4.31481e-07 -1.49713e-06
internal_weight=18280 9808 4183 8472 1697 5625 3929 7363 2938 5962 2858 2486 3104 2197 1696 2120 1670
internal_count=18280 9808 4183 8472 1697 5625 3929 7363 2938 5962 2858 2486 3104 2197 1696 2120 1670
is_linear=0
shrinkage=0.00242143


Tree=26
num_leaves=17
num_cat=0
split_feature=29 24 31 21 0 29 24 4 6 20 24 33 24 31 20 33
split_gain=0.00526736 0.002992 0.000862338 0.000846192 0.00113154 0.000839682 0.00041438 0.000253394 0.000234891 0.000188008 0.000174979 0.000171767 0.000150209 0.00014186 7.73572e-05 3.63694e-05
threshold=-0.50253164103948544 0.85248209206933701 -1802.446653882226 -0.13196034537884352 82.850000000000009 -0.98501898920110598 0.95595560671775437 46.500000000000007 -0.4180685031929306 0.50330413218429049 0.55074370033750131 11.500000000000002 0.38368632809496356 -17.844141067854775 0.1746710015131068 8.5000000000000018
decision_type=10 10 10 10 10 10 10 8 2 10 10 2 10 8 10 2
left_child=5 2 10 9 -5 6 7 12 -4 -3 -2 -10 -1 -9 -15 -14
right_child=1 3 8 4 -6 -7 -8 13 11 -11 -12 -13 15 14 -16 -17
leaf_value=-2.6250910298461097e-06 -1.7970962560442459e-06 2.4481030015602764e-06 1.8626300945572042e-06 2.1553576267696217e-06 5.7111428622801944e-06 -3.4266963588784086e-06 1.8344299910717905e-08 -1.3972310985693922e-07 9.5718920858517181e-07 9.6246415287606593e-07 -3.4858595329002118e-07 -2.5775792196957609e-07 -1.1200901033946994e-06 -9.4115899607763036e-07 -1.8830855263918205e-06 -1.8453321960169168e-06
leaf_weight=1188 1287 868 812 1159 963 1109 1401 883 1430 1193 795 1301 813 1401 820 857
leaf_count=1188 1287 868 812 1159 963 1109 1401 883 1430 1193 795 1301 813 1401 820 857
internal_value=-6.28254e-08 1.1451e-06 -7.83906e-09 2.69598e-06 3.77002e-06 -1.46148e-06 -1.1652e-06 -1.44367e-06 7.18571e-07 1.58916e-06 -1.24499e-06 3.77651e-07 -1.96461e-06 -9.63345e-07 -1.28986e-06 -1.49351e-06
internal_weight=18280 9808 5625 4183 2122 8472 7363 5962 3543 2061 2082 2731 2858 3104 2221 1670
internal_count=18280 9808 5625 4183 2122 8472 7363 5962 3543 2061 2082 2731 2858 3104 2221 1670
is_linear=0
shrinkage=0.00242143


Tree=27
num_leaves=16
num_cat=0
split_feature=24 30 32 32 1 31 30 2 24 24 6 23 26 24 12
split_gain=0.00515282 0.00174308 0.00129167 0.000759623 0.000728218 0.000486166 0.000364872 0.000287459 0.000272557 0.000181276 0.000151541 0.000137436 8.63797e-05 7.18311e-05 1.96293e-05
threshold=0.85248209206933701 -0.00013554342950860431 -0.33266858639092672 0.99775511321496668 82.850000000000009 908.87792431952801 -0.00013155939769923477 78.050000000000011 0.52838816588125537 0.38368632809496356 -0.010488078600527469 -0.08813727350036514 -0.79797035043918785 0.56203020573890217 -0.074999999999999276
decision_type=10 10 8 10 10 8 10 10 10 8 2 8 8 10 10
left_child=2 5 13 6 -3 7 9 -2 -8 10 -4 -11 -13 -1 -14
right_child=1 4 3 -5 -6 -7 8 -9 -10 11 -12 12 14 -15 -16
leaf_value=4.8309249476768816e-07 9.3895276922692003e-07 2.1347603567483105e-06 -1.2273844246976249e-06 -3.0755077067238157e-06 4.6700088361842666e-06 1.7378796125031226e-06 -8.7645167091243682e-07 -9.4602185044987708e-07 8.6323830273016069e-07 -1.826385226719009e-06 -2.4359537177810976e-06 -2.345706383510825e-07 -1.2573149871863683e-06 1.4497744314441671e-06 -8.1453376513873349e-07
leaf_weight=1045 801 1577 1188 1233 1154 1288 1344 1162 869 1004 1269 1078 1356 805 1107
leaf_count=1045 801 1577 1188 1233 1154 1288 1344 1162 869 1004 1269 1078 1356 805 1107
internal_value=-6.26738e-08 1.78052e-06 -9.59411e-07 -1.28971e-06 3.20681e-06 5.81733e-07 -1.05054e-06 -1.75803e-07 -1.92373e-07 -1.32147e-06 -1.85244e-06 -1.03397e-06 -8.08706e-07 9.04852e-07 -1.05915e-06
internal_weight=18280 5982 12298 10448 2731 3251 9215 1963 2213 7002 2457 4545 3541 1850 2463
internal_count=18280 5982 12298 10448 2731 3251 9215 1963 2213 7002 2457 4545 3541 1850 2463
is_linear=0
shrinkage=0.00242143


Tree=28
num_leaves=18
num_cat=0
split_feature=29 24 29 5 26 32 24 26 4 6 24 27 23 4 4 5 30
split_gain=0.0052206 0.00296304 0.000834521 0.000834073 0.000522093 0.000487632 0.000410344 0.000312923 0.000251858 0.000172255 0.000148974 0.00014029 8.63901e-05 9.82817e-05 7.06011e-05 5.14422e-05 4.92443e-05
threshold=-0.50253164103948544 0.85248209206933701 -0.98501898920110598 114.29881780157204 -0.89499938120042677 -0.49751243781097171 0.95595560671775437 -0.52855552520011317 46.500000000000007 0.027795925874058939 0.38368632809496356 1.0000000180025095e-35 -0.08813727350036514 94.500000000000014 16.500000000000004 148.5128206106094 -0.0003612620584369321
decision_type=10 10 10 10 10 10 10 8 8 2 10 10 10 10 10 10 10
left_child=2 5 6 11 -5 15 8 9 10 14 -1 -3 -10 -14 -7 -2 -12
right_child=1 3 -4 4 -6 7 -8 -9 12 -11 16 -13 13 -15 -16 -17 -18
leaf_value=-2.6138237303716202e-06 6.3660888409273635e-07 1.3317288011876678e-06 -3.4141235908596892e-06 2.5775701714388846e-06 5.2742413398427279e-06 -6.6708626408494316e-08 1.8173124746603811e-08 -1.5720501959893527e-06 -1.4074945127142826e-06 -7.7237509876853871e-07 -1.9134834227168514e-06 2.5199116241306591e-06 -1.1738408658516287e-06 -1.170388854330859e-08 9.244054635688324e-07 1.4867602708276058e-06 -1.0728971316807843e-06
leaf_weight=1188 819 1532 1109 807 890 812 1401 1100 1390 1149 820 954 854 860 868 877 850
leaf_count=1188 819 1532 1109 807 890 812 1401 1100 1390 1149 820 954 854 860 868 877 850
internal_value=-6.25223e-08 1.14003e-06 -1.45495e-06 2.68339e-06 3.99308e-06 -7.31568e-09 -1.15959e-06 -4.76094e-07 -1.43669e-06 -4.92196e-08 -1.95605e-06 1.78853e-06 -9.57827e-07 -5.91949e-07 4.44133e-07 1.07745e-06 -1.48688e-06
internal_weight=18280 9808 8472 4183 1697 5625 7363 3929 5962 2829 2858 2486 3104 1714 1680 1696 1670
internal_count=18280 9808 8472 4183 1697 5625 7363 3929 5962 2829 2858 2486 3104 1714 1680 1696 1670
is_linear=0
shrinkage=0.00242143


Tree=29
num_leaves=17
num_cat=0
split_feature=29 24 31 21 0 29 24 4 17 24 24 31 5 2 20 30
split_gain=0.00519536 0.00294872 0.000853364 0.000839259 0.00111922 0.00083048 0.000408364 0.000250638 0.000207184 0.000173955 0.000148249 0.000141058 0.000130951 0.000151507 7.70946e-05 4.90036e-05
threshold=-0.50253164103948544 0.85248209206933701 -1802.446653882226 -0.13196034537884352 82.850000000000009 -0.98501898920110598 0.95595560671775437 46.500000000000007 -0.10745977890057386 0.55074370033750131 0.38368632809496356 -17.844141067854775 40.819500307005335 259.25000000000006 0.1746710015131068 -0.0003612620584369321
decision_type=10 10 10 10 10 10 10 8 10 10 10 8 10 10 10 10
left_child=5 2 9 8 -5 6 7 10 -3 -2 -1 -9 -4 -14 -13 -12
right_child=1 3 12 4 -6 -7 -8 11 -10 -11 15 14 13 -15 -16 -17
leaf_value=-2.6074945665831741e-06 -1.7884837587237306e-06 8.75551525115457e-07 -1.1366413817566237e-07 2.1406583903477703e-06 5.6770537396552277e-06 -3.405856554001047e-06 1.8129131913331287e-08 -1.342224987187596e-07 2.4225163476501264e-06 -3.4421366564811133e-07 -1.9088500769430964e-06 -9.329951156266829e-07 1.5360474935003854e-06 3.8522776181850048e-07 -1.8733029727539005e-06 -1.0702991915951129e-06
leaf_weight=1188 1287 1131 846 1159 963 1109 1401 883 930 795 820 1401 1383 1314 820 850
leaf_count=1188 1287 1131 846 1159 963 1109 1401 883 930 795 820 1401 1383 1314 820 850
internal_value=-6.23712e-08 1.13727e-06 -7.29707e-09 2.6769e-06 3.74652e-06 -1.45143e-06 -1.15678e-06 -1.43322e-06 1.57461e-06 -1.23799e-06 -1.95132e-06 -9.55511e-07 7.15322e-07 9.76129e-07 -1.28109e-06 -1.48329e-06
internal_weight=18280 9808 5625 4183 2122 8472 7363 5962 2061 2082 2858 3104 3543 2697 2221 1670
internal_count=18280 9808 5625 4183 2122 8472 7363 5962 2061 2082 2858 3104 3543 2697 2221 1670
is_linear=0
shrinkage=0.00242143


Tree=30
num_leaves=17
num_cat=0
split_feature=29 31 8 4 8 20 31 8 33 4 15 8 14 27 4 1
split_gain=0.00427224 0.00200143 0.000913501 0.00065778 0.000573465 0.000386143 0.000279162 0.000261354 0.000204676 0.000178849 0.000150747 0.000144165 0.000138847 0.00013565 0.000110197 0.000152098
threshold=-0.50000000000002653 -783.52876748901087 -0.013928868354759353 19.500000000000004 -0.12693414226466351 0.8508170168638175 -1.2418553638712293 -0.32449269320266749 16.500000000000004 42.500000000000007 -0.16299166014695968 -0.11402028829989293 -1.3210013670539991 1.0000000180025095e-35 64.500000000000014 272.25000000000006
decision_type=10 10 10 8 10 10 8 8 2 8 8 8 2 8 10 10
left_child=3 7 5 6 9 8 -1 -2 11 -5 12 14 -11 -9 15 -3
right_child=1 2 -4 4 -6 -7 -8 13 -10 10 -12 -13 -14 -15 -16 -17
leaf_value=-3.2383565223234745e-06 -1.718459741112658e-06 2.1965638062576582e-06 4.1691021413178547e-06 -2.0326423168294854e-06 6.0920874397899283e-07 2.7763312407734781e-06 -1.5882616730078155e-06 -7.5702937153748385e-07 3.755994216341639e-07 -1.0407851631341305e-06 -1.536975537177792e-06 2.2236929593914673e-06 2.5342122818969558e-07 5.6059122741954878e-07 4.0724105555849366e-07 7.3510276355880662e-07
leaf_weight=1124 922 885 824 1238 1238 1059 1309 975 1396 1223 1525 1057 803 863 798 801
leaf_count=1124 922 885 824 1238 1238 1059 1309 975 1396 1223 1525 1057 803 863 798 801
internal_value=-3.41935e-08 1.07303e-06 1.7772e-06 -1.28825e-06 -8.58717e-07 1.44814e-06 -2.35143e-06 -6.66209e-07 1.16282e-06 -1.23862e-06 -9.61215e-07 1.47259e-06 -5.26806e-07 -1.37236e-07 1.15214e-06 1.50347e-06
internal_weight=18040 9580 6820 8460 6027 5996 2433 2760 4937 4789 3551 3541 2026 1838 2484 1686
internal_count=18040 9580 6820 8460 6027 5996 2433 2760 4937 4789 3551 3541 2026 1838 2484 1686
is_linear=0
shrinkage=0.00242143


end of trees

feature_importances:
alpha042=61
alpha054=42
alpha083=38
alpha005=37
volume=33
alpha038=25
stock_encoded=25
alpha060=23
alpha033=22
alpha101=19
alpha041=17
vwap=15
high=14
alpha002=14
open=12
close=12
alpha020=11
alpha030=11
alpha013=10
alpha015=10
alpha053=10
alpha018=9
alpha051=8
alpha040=5
alpha050=5
low=4
alpha003=4
alpha011=4
alpha016=4
alpha007=1
alpha012=1

parameters:
[boosting: gbdt]
[objective: regression]
[metric: l2]
[tree_learner: serial]
[device_type: cpu]
[data_sample_strategy: bagging]
[data: ]
[valid: ]
[num_iterations: 200]
[learning_rate: 0.00242143]
[num_leaves: 117]
[num_threads: 0]
[seed: 0]
[deterministic: 0]
[force_col_wise: 0]
[force_row_wise: 0]
[histogram_pool_size: -1]
[max_depth: -1]
[min_data_in_leaf: 795]
[min_sum_hessian_in_leaf: 0.001]
[bagging_fraction: 0.683815]
[pos_bagging_fraction: 1]
[neg_bagging_fraction: 1]
[bagging_freq: 5]
[bagging_seed: 3]
[bagging_by_query: 0]
[feature_fraction: 0.65849]
[feature_fraction_bynode: 1]
[feature_fraction_seed: 2]
[extra_trees: 0]
[extra_seed: 6]
[early_stopping_round: 0]
[early_stopping_min_delta: 0]
[first_metric_only: 0]
[max_delta_step: 0]
[lambda_l1: 0.000856618]
[lambda_l2: 0.00202113]
[linear_lambda: 0]
[min_gain_to_split: 0]
[drop_rate: 0.1]
[max_drop: 50]
[skip_drop: 0.5]
[xgboost_dart_mode: 0]
[uniform_drop: 0]
[drop_seed: 4]
[top_rate: 0.2]
[other_rate: 0.1]
[min_data_per_group: 100]
[max_cat_threshold: 32]
[cat_l2: 10]
[cat_smooth: 10]
[max_cat_to_onehot: 4]
[top_k: 20]
[monotone_constraints: ]
[monotone_constraints_method: basic]
[monotone_penalty: 0]
[feature_contri: ]
[forcedsplits_filename: ]
[refit_decay_rate: 0.9]
[cegb_tradeoff: 1]
[cegb_penalty_split: 0]
[cegb_penalty_feature_lazy: ]
[cegb_penalty_feature_coupled: ]
[path_smooth: 0]
[interaction_constraints: ]
[verbosity: -1]
[saved_feature_importance_type: 0]
[use_quantized_grad: 0]
[num_grad_quant_bins: 4]
[quant_train_renew_leaf: 0]
[stochastic_rounding: 1]
[linear_tree: 0]
[max_bin: 255]
[max_bin_by_feature: ]
[min_data_in_bin: 3]
[bin_construct_sample_cnt: 200000]
[data_random_seed: 1]
[is_enable_sparse: 1]
[enable_bundle: 1]
[use_missing: 1]
[zero_as_missing: 0]
[feature_pre_filter: 1]
[pre_partition: 0]
[two_round: 0]
[header: 0]
[label_column: ]
[weight_column: ]
[group_column: ]
[ignore_column: ]
[categorical_feature: ]
[forcedbins_filename: ]
[precise_float_parser: 0]
[parser_config_file: ]
[objective_seed: 5]
[num_class: 1]
[is_unbalance: 0]
[scale_pos_weight: 1]
[sigmoid: 1]
[boost_from_average: 1]
[reg_sqrt: 0]
[alpha: 0.9]
[fair_c: 1]
[poisson_max_delta_step: 0.7]
[tweedie_variance_power: 1.5]
[lambdarank_truncation_level: 30]
[lambdarank_norm: 1]
[label_gain: ]
[lambdarank_position_bias_regularization: 0]
[eval_at: ]
[multi_error_top_k: 1]
[auc_mu_weights: ]
[num_machines: 1]
[local_listen_port: 12400]
[time_out: 120]
[machine_list_filename: ]
[machines: ]
[gpu_platform_id: -1]
[gpu_device_id: -1]
[gpu_use_dp: 0]
[num_gpu: 1]

end of parameters

pandas_categorical:[]
