tree
version=v4
num_class=1
num_tree_per_iteration=1
label_index=0
max_feature_idx=35
objective=regression
feature_names=open high low close volume vwap alpha002 alpha003 alpha005 alpha006 alpha007 alpha011 alpha012 alpha013 alpha015 alpha016 alpha018 alpha020 alpha027 alpha030 alpha033 alpha038 alpha040 alpha041 alpha042 alpha044 alpha050 alpha051 alpha053 alpha054 alpha060 alpha083 alpha101 stock_encoded day_encoded time_encoded
feature_infos=[24.75:2405] [24.75:2410] [24.75:2400] [24.75:2405] [1:9861] [24.831676706827309:2393.3433133732533] [-0.99440251190931772:0.99289045818785504] [-0.93441247128951888:0.96192615154003835] [-0.99931388713107783:-2.9772387123204389e-07] [-0.99926738507424795:0.99927377525030925] [-60:60] [6.4820939779851076e-06:1.9935073049941976] [-135:20] [-1:-0.00022644927536231884] [-2.9928229665071751:-0.0068352699931648964] [-1:-0.00017914725904693657] [-1:-0.00017099863201094391] [-1:-4.9975268476768618e-12] [1:1] [0.00011970853573906926:0.9124910689938317] [0.00017088174982911826:1] [-0.9777606040347242:-2.8998723253444025e-05] [-inf:inf] [-58.774650414934513:25.722813471117206] [0.00017838030681412772:16.957236842105264] [-1.0000000000053018:0.99999999998306577] [-1:-0.0090629274965800272] [-135:15] [-200000:150000] [-1:0] [-0.00065335386837465275:0.0010690806075951474] [-inf:inf] [-0.99995000249987498:0.99995000249987498] [0:24] [13:17] [0:265]
tree_sizes=1807 1638 1731 1643 1839 1644 1730 1625 1735 1641 1645 1633

Tree=0
num_leaves=17
num_cat=0
split_feature=28 32 27 32 17 1 2 17 22 24 2 24 23 26 19 24
split_gain=0.00304605 0.00132594 0.000802952 0.000538575 0.000736902 0.000197901 0.000228949 0.000188161 0.00016525 0.000126786 0.000120329 0.000103637 5.8197e-05 5.23783e-05 2.95632e-05 2.325e-05
threshold=2.0000000000000715 -0.66533717278182991 -0.049999999999998927 0.49813277750899049 -0.075644737205947568 81.950000000000017 275.75000000000006 -0.23275730347653792 0.51291179351980209 0.84713960008626799 113.75000000000001 0.41618532261804758 -0.008709752989551232 -0.84951659428019444 0.12944616055636868 0.82769374279048424
decision_type=10 8 8 10 10 10 10 8 8 10 10 10 10 8 10 10
left_child=1 -1 8 4 7 14 -7 13 11 -6 -5 -3 15 -4 -2 -9
right_child=5 2 3 10 9 6 -8 12 -10 -11 -12 -13 -14 -15 -16 -17
leaf_value=6.5623921490562341e-05 6.3643426723612921e-05 5.7198365759361793e-05 5.8428483772094992e-05 5.932304024810412e-05 6.2380760885839072e-05 6.8384339772290681e-05 6.4834772864481556e-05 6.0998847328330589e-05 5.5902557207580052e-05 6.4736581074778163e-05 5.6798642283544906e-05 5.9549697333691159e-05 6.0088087543996478e-05 5.982860623465814e-05 6.4923982770572362e-05 6.1999471731888524e-05
leaf_weight=1129 942 921 1270 1015 1246 937 934 1681 1015 1113 933 1014 1454 1503 921 926
leaf_count=1129 942 921 1270 1015 1246 937 934 1681 1015 1113 933 1014 1454 1503 921 926
internal_value=6.13434e-05 6.03364e-05 5.99128e-05 6.05357e-05 6.1049e-05 6.54474e-05 6.66127e-05 6.02054e-05 5.75603e-05 6.34925e-05 5.81137e-05 5.84302e-05 6.09009e-05 5.91872e-05 6.42768e-05 6.13545e-05
internal_weight=18954 15220 14091 11141 9193 3734 1871 6834 2950 2359 1948 1935 4061 2773 1863 2607
internal_count=18954 15220 14091 11141 9193 3734 1871 6834 2950 2359 1948 1935 4061 2773 1863 2607
is_linear=0
shrinkage=1


Tree=1
num_leaves=15
num_cat=0
split_feature=29 31 28 29 21 21 8 30 5 27 31 35 13 19
split_gain=0.0042231 0.00131983 0.000376003 0.000357247 0.000235183 0.000210056 0.000119668 9.12101e-05 7.6043e-05 7.29365e-05 6.05647e-05 5.32414e-05 4.85316e-05 3.55458e-05
threshold=-0.50311914312393957 -2629.297603976524 2000.999999999993 -0.98572470964588288 -0.19420304912231731 -0.24392526255697997 -0.17671882151874077 6.4422409609302017e-05 80.950154218723597 -0.049999999999998927 -62.965824824770529 93.500000000000014 -0.49903874468861159 0.035923229634606681
decision_type=8 10 10 10 8 10 10 10 10 10 10 2 10 10
left_child=3 4 5 6 -2 -3 8 11 13 -6 -10 -7 -8 -1
right_child=1 2 -4 -5 9 7 12 -9 10 -11 -12 -13 -14 -15
leaf_value=-3.2308027345324551e-06 -2.6370945207039265e-06 7.3398908423089079e-07 5.2180553196095083e-06 -5.6900023044604128e-06 -4.4093631269652921e-07 1.5684238778432649e-06 -6.5223974932395925e-07 4.0053332490762205e-06 -2.8733777080339329e-06 1.1174749057546786e-06 -4.7090538170281817e-06 3.0228461383577392e-06 -2.2694542279266055e-06 -1.976772518887383e-06
leaf_weight=921 949 1296 1747 1094 1756 1013 921 1640 926 1378 928 1803 993 1589
leaf_count=921 949 1296 1747 1094 1756 1013 921 1640 926 1378 928 1803 993 1589
internal_value=-1.52908e-08 1.8943e-06 3.1574e-06 -3.01548e-06 -4.25425e-07 2.53143e-06 -2.54933e-06 3.05407e-06 -3.01311e-06 2.44098e-07 -3.79253e-06 2.49986e-06 -1.49158e-06 -2.43716e-06
internal_weight=18954 11582 7499 7372 4083 5752 6278 4456 4364 3134 1854 2816 1914 2510
internal_count=18954 11582 7499 7372 4083 5752 6278 4456 4364 3134 1854 2816 1914 2510
is_linear=0
shrinkage=0.00507085


Tree=2
num_leaves=16
num_cat=0
split_feature=29 31 32 29 24 4 28 21 24 17 13 4 20 24 14
split_gain=0.00418038 0.00130648 0.000453209 0.000353632 0.00023435 0.000159614 0.000154323 0.000147712 9.21115e-05 8.67956e-05 8.17142e-05 6.27495e-05 4.16873e-05 2.84412e-05 9.05325e-07
threshold=-0.50311914312393957 -2629.297603976524 -0.99634683855938355 -0.98572470964588288 0.47236023179795533 37.500000000000007 4.4999999999997877 -0.24392526255697997 0.73242357946148973 -0.23275730347653792 -0.42429109077931343 54.500000000000007 0.50022549231717561 0.39049613165383629 -1.4333988380041005
decision_type=8 10 10 10 8 10 10 10 10 8 10 10 10 10 2
left_child=3 4 -3 5 -2 9 7 -4 14 -1 13 -8 -9 -7 -6
right_child=1 2 6 -5 8 10 11 12 -10 -11 -12 -13 -14 -15 -16
leaf_value=-4.2218279140665363e-06 -2.4567708289464145e-06 5.6440986666751665e-06 2.6876406742275437e-07 -5.6611492392264961e-06 -4.1431070864025742e-07 -1.7364045807988354e-06 4.1156818402083934e-06 1.7091830721249502e-06 1.5790510583401563e-06 -2.5643386571582373e-06 -2.9035971502674965e-06 2.4786448264248083e-06 3.0756097097289254e-06 -5.3197842383912359e-07 -1.9784042508771204e-07
leaf_weight=1474 1074 1491 1080 1094 1086 968 1537 961 980 1817 963 994 1436 1056 943
leaf_count=1474 1074 1491 1080 1094 1086 968 1537 961 980 1817 963 994 1436 1056 943
internal_value=-1.52136e-08 1.88469e-06 3.14139e-06 -3.0002e-06 -4.23268e-07 -2.5364e-06 2.5202e-06 1.82645e-06 3.02353e-07 -3.30689e-06 -1.6873e-06 3.47301e-06 2.52803e-06 -1.1083e-06 -3.13996e-07
internal_weight=18954 11582 7499 7372 4083 6278 6008 3477 3009 3291 2987 2531 2397 2024 2029
internal_count=18954 11582 7499 7372 4083 6278 6008 3477 3009 3291 2987 2531 2397 2024 2029
is_linear=0
shrinkage=0.00507085


Tree=3
num_leaves=15
num_cat=0
split_feature=29 21 31 29 32 17 4 20 17 4 34 17 20 29
split_gain=0.00399011 0.00138798 0.000379006 0.000306151 0.000304257 0.000231519 0.000117821 0.000100566 9.36816e-05 8.14188e-05 6.06132e-05 5.01829e-05 4.34174e-05 3.83122e-05
threshold=-0.50302846873315932 -0.19420304912231731 -1260.013481058711 -0.98473307571521806 -0.99634683855938355 -0.082320663147164228 40.500000000000007 0.50022549231717561 -0.040628554560131293 4.5000000000000009 14.500000000000002 -0.23275730347653792 0.80258885850991124 -0.99344264276232075
decision_type=8 10 8 10 10 10 10 10 10 10 2 8 8 10
left_child=3 2 -2 6 -3 9 11 -6 -9 12 -8 -1 -4 -13
right_child=1 4 5 -5 7 -7 10 8 -10 -11 -12 13 -14 -15
leaf_value=-3.7889789749887553e-06 -2.5734655486199209e-06 5.6984426780121096e-06 -1.352393945860499e-06 -5.4084498178871471e-06 1.84852127334881e-06 2.6219150659315835e-06 -8.0203762067812822e-07 2.7682417491416194e-06 4.6481878087219893e-06 1.0727369934806086e-06 -2.3259228916288108e-06 -1.9065057392405011e-06 7.9583305006795322e-08 -3.3238676758606153e-06
leaf_weight=1583 1104 1376 939 1092 1413 1227 1108 1749 1120 1303 1708 1043 1294 931
leaf_count=1583 1104 1376 939 1092 1413 1227 1108 1749 1120 1303 1708 1043 1294 931
internal_value=-3.90122e-08 1.83166e-06 1.03433e-07 -2.92717e-06 3.62362e-06 7.24028e-07 -2.50191e-06 2.95675e-06 3.50234e-06 6.52881e-08 -1.72654e-06 -3.11559e-06 -5.22314e-07 -2.57528e-06
internal_weight=18990 11525 5867 7465 5658 4763 6373 4282 2869 3536 2816 3557 2233 1974
internal_count=18990 11525 5867 7465 5658 4763 6373 4282 2869 3536 2816 3557 2233 1974
is_linear=0
shrinkage=0.00507085


Tree=4
num_leaves=17
num_cat=0
split_feature=29 21 31 29 32 17 12 24 22 5 24 33 24 23 32 19
split_gain=0.00394975 0.00137394 0.000375172 0.000303053 0.000301178 0.000229177 0.000111628 9.4432e-05 9.56887e-05 6.99104e-05 5.7826e-05 4.95829e-05 4.59878e-05 3.34592e-05 2.76089e-05 2.62208e-05
threshold=-0.50302846873315932 -0.19420304912231731 -1260.013481058711 -0.98473307571521806 -0.99634683855938355 -0.082320663147164228 0.049999999999998941 0.52838816588125537 0.24062481899921054 81.132177558986015 0.6569277309654159 7.5000000000000009 0.91397801490210961 0.083503315316125551 -0.70641211539369408 0.10796900370540367
decision_type=8 10 8 10 10 10 10 10 8 10 10 2 10 10 10 10
left_child=3 2 -2 6 -3 12 9 -6 15 10 13 -11 14 -1 -4 -9
right_child=1 4 5 -5 7 -7 -8 8 -10 11 -12 -13 -14 -15 -16 -17
leaf_value=-2.9577221950507858e-06 -2.5604158943413737e-06 5.669546844297587e-06 1.9717480898735961e-07 -5.381024463991326e-06 1.6244793247249217e-06 2.6086197529983528e-06 -4.0511206467650221e-06 2.2397224559842004e-06 4.7479961244419327e-06 -2.1110620854111265e-06 -8.5073513650361259e-07 -3.6268706717615118e-06 1.0254203356290744e-06 -1.6188331281921515e-06 -8.5240596060777039e-07 3.3277611512043157e-06
leaf_weight=925 1104 1376 1407 1092 1056 1227 994 1079 928 1085 1223 1142 941 1004 1188 1219
leaf_count=925 1104 1376 1407 1092 1056 1227 994 1079 928 1085 1223 1142 941 1004 1188 1219
internal_value=-3.88144e-08 1.82237e-06 1.02909e-07 -2.91233e-06 3.60525e-06 7.20357e-07 -2.48923e-06 2.94175e-06 3.37277e-06 -2.20049e-06 -1.7141e-06 -2.88863e-06 6.4957e-08 -2.26117e-06 -2.83099e-07 2.81715e-06
internal_weight=18990 11525 5867 7465 5658 4763 6373 4282 3226 5379 3152 2227 3536 1929 2595 2298
internal_count=18990 11525 5867 7465 5658 4763 6373 4282 3226 5379 3152 2227 3536 1929 2595 2298
is_linear=0
shrinkage=0.00507085


Tree=5
num_leaves=15
num_cat=0
split_feature=29 21 17 29 28 24 30 4 24 34 4 17 29 14
split_gain=0.0039098 0.00136004 0.000326422 0.000299986 0.000248298 0.000186165 0.000133123 0.000116258 8.92677e-05 5.98873e-05 5.86759e-05 4.94515e-05 3.77808e-05 1.24761e-05
threshold=-0.50302846873315932 -0.19420304912231731 -0.084800781107354686 -0.98473307571521806 4999.5000000000009 0.47236023179795533 5.6859989870064414e-05 40.500000000000007 0.9393245590397078 14.500000000000002 4.5000000000000009 -0.23275730347653792 -0.99344264276232075 -1.4523667122351325
decision_type=8 10 10 10 10 8 10 10 10 2 10 8 10 2
left_child=3 2 5 7 6 -2 8 11 -3 -9 13 -1 -13 -7
right_child=1 4 -4 -5 -6 10 -8 9 -10 -11 -12 12 -14 -15
leaf_value=-3.7546696799438535e-06 -2.3805490312670555e-06 1.4033069503206377e-06 2.2653749391518813e-06 -5.3537382054078714e-06 5.4200444873760503e-06 -4.7484813106073752e-08 4.1210471557951328e-06 -7.8744080773990729e-07 3.279444768162691e-06 -2.3021738791815509e-06 9.326399080132116e-07 -1.885713184883312e-06 -3.2932190773347772e-06 -8.1311367669065261e-07
leaf_weight=1583 1092 1418 1374 1092 1423 1010 1607 1108 1210 1708 1192 1043 931 1199
leaf_count=1583 1092 1418 1374 1092 1423 1010 1607 1108 1210 1708 1192 1043 931 1199
internal_value=-3.86176e-08 1.81313e-06 1.02387e-07 -2.89756e-06 3.58697e-06 -5.58943e-07 2.97089e-06 -2.47661e-06 2.26736e-06 -1.70639e-06 2.57684e-08 -3.0862e-06 -2.54984e-06 -4.63321e-07
internal_weight=18990 11525 5867 7465 5658 4493 4235 6373 2628 2816 3401 3557 1974 2209
internal_count=18990 11525 5867 7465 5658 4493 4235 6373 2628 2816 3401 3557 1974 2209
is_linear=0
shrinkage=0.00507085


Tree=6
num_leaves=16
num_cat=0
split_feature=29 21 29 17 32 35 31 4 15 4 33 1 24 32 21
split_gain=0.00405906 0.00135264 0.000331372 0.000307364 0.000285566 0.000200994 0.000173662 0.000156504 8.27124e-05 6.56792e-05 5.1827e-05 5.43607e-05 4.67624e-05 3.29084e-05 3.23454e-05
threshold=-0.50311914312393957 -0.19270806808922467 -0.98501898920110598 -0.06931236501277567 -0.99634683855938355 205.50000000000003 -1802.446653882226 41.500000000000007 -0.23200985028710097 4.5000000000000009 6.5000000000000009 82.850000000000009 0.60316631481039706 -0.4999125181208447 -0.07988253202131565
decision_type=8 10 10 10 10 2 8 10 10 10 2 10 10 10 10
left_child=2 3 7 6 -3 8 -2 10 14 13 -1 -12 -9 -8 -6
right_child=1 4 -4 -5 5 -7 9 12 -10 -11 11 -13 -14 -15 -16
leaf_value=-2.2736964652954948e-06 -2.3544032459560631e-06 5.6466301660713589e-06 -5.55006928477727e-06 2.3335654072878853e-06 2.4187531922773962e-06 5.0183704059883852e-06 6.2468366239230882e-08 -2.1131074029173554e-06 1.1022251971134379e-06 9.4989481613245609e-07 -2.8679929449722733e-06 -4.3582381216386736e-06 -7.6517816567289408e-07 -1.166550997576858e-06 3.6384904075269218e-06
leaf_weight=1112 969 1380 1064 1314 1440 971 1313 1711 922 1347 1305 1223 1082 976 920
leaf_count=1112 969 1380 1064 1314 1440 971 1313 1711 922 1347 1305 1223 1082 976 920
internal_value=-2.25534e-08 1.86312e-06 -2.92823e-06 1.70276e-07 3.6418e-06 2.99114e-06 -4.46874e-07 -2.49449e-06 2.39118e-06 6.13243e-08 -3.18747e-06 -3.58918e-06 -1.59114e-06 -4.61311e-07 2.8945e-06
internal_weight=19049 11552 7497 5919 5633 4253 4605 6433 3282 3636 3640 2528 2793 2289 2360
internal_count=19049 11552 7497 5919 5633 4253 4605 6433 3282 3636 3640 2528 2793 2289 2360
is_linear=0
shrinkage=0.00507085


Tree=7
num_leaves=15
num_cat=0
split_feature=29 32 17 29 5 4 24 17 33 0 23 24 4 35
split_gain=0.00401801 0.000940591 0.0010269 0.000328019 0.000189542 0.000154921 0.000130912 0.000118522 5.1302e-05 5.381e-05 4.75101e-05 4.6289e-05 2.76114e-05 2.02014e-06
threshold=-0.50311914312393957 -0.495049504950486 -0.062532825000526981 -0.98501898920110598 81.818592306380211 41.500000000000007 0.85788366924762494 -0.27180020690210677 6.5000000000000009 113.25000000000001 -0.062449625915625966 0.60316631481039706 8.5000000000000018 126.50000000000001
decision_type=8 8 10 10 10 10 10 8 2 10 8 10 8 2
left_child=3 4 7 5 -2 8 -4 -3 -1 -10 -9 -7 -12 -14
right_child=1 2 6 -5 -6 11 -8 10 9 -11 12 -13 13 -15
leaf_value=-2.2621669112981243e-06 2.8476960490285486e-06 -2.2285166150725659e-06 2.0865142904821382e-06 -5.52192585943e-06 5.246454632659069e-06 -2.1023921772401663e-06 4.0708945690232319e-06 7.783968359218377e-07 -2.8534498060533124e-06 -4.3361381842249757e-06 -1.2582765869588124e-06 -7.6129807897660584e-07 -3.4788310039230675e-08 -3.6427526739414964e-07
leaf_weight=1112 1630 937 1798 1064 1767 1711 1633 934 1305 1223 927 1082 1005 921
leaf_count=1112 1630 937 1798 1064 1767 1711 1633 934 1305 1223 927 1082 1005 921
internal_value=-2.24389e-08 1.85367e-06 9.19701e-07 -2.91338e-06 4.09562e-06 -2.48184e-06 3.03116e-06 -6.13711e-07 -3.17131e-06 -3.57099e-06 -2.14009e-07 -1.58307e-06 -5.39106e-07 -1.92655e-07
internal_weight=19049 11552 8155 7497 3397 6433 3431 4724 3640 2528 3787 2793 2853 1926
internal_count=19049 11552 8155 7497 3397 6433 3431 4724 3640 2528 3787 2793 2853 1926
is_linear=0
shrinkage=0.00507085


Tree=8
num_leaves=16
num_cat=0
split_feature=29 21 29 17 32 35 15 19 13 27 0 24 28 8 35
split_gain=0.00397737 0.00132775 0.0003247 0.000300859 0.000279926 0.000198869 0.000121512 9.80716e-05 9.64118e-05 7.8541e-05 6.18888e-05 4.70572e-05 4.67887e-05 2.93984e-05 4.42572e-07
threshold=-0.50311914312393957 -0.19270806808922467 -0.98501898920110598 -0.06931236501277567 -0.99634683855938355 205.50000000000003 -0.48778704242110532 0.028745846711719213 -0.70066714412004327 -0.049999999999998927 113.25000000000001 0.60316631481039706 4.4999999999997877 -0.22579300236684788 121.50000000000001
decision_type=8 10 10 10 10 2 10 10 10 10 10 10 10 8 2
left_child=2 3 7 6 -3 8 9 13 -6 14 11 -9 -10 -1 -2
right_child=1 4 -4 -5 5 -7 -8 10 12 -11 -12 -13 -14 -15 -16
leaf_value=-4.0282873904313458e-06 -5.0124621867998536e-07 5.5914459183399908e-06 -5.4939250240911011e-06 2.3073527531177208e-06 3.7308457127956135e-06 4.9787867289936313e-06 -1.7239042028007205e-06 -2.132362378738441e-06 1.1384704295034656e-06 1.0146468570894751e-06 -2.7759448723831254e-06 -7.6111953963325374e-07 2.5784636132382568e-06 -2.79165974713249e-06 -6.6090628056851773e-07
leaf_weight=987 945 1380 1064 1314 947 971 1348 1533 1244 1363 1800 1112 1091 1001 949
leaf_count=987 945 1380 1064 1314 947 971 1348 1533 1244 1363 1800 1112 1091 1001 949
internal_value=-2.23257e-08 1.84427e-06 -2.89861e-06 1.67079e-07 3.60651e-06 2.9623e-06 -4.43503e-07 -2.46926e-06 2.36553e-06 8.6245e-08 -2.05021e-06 -1.5561e-06 1.81155e-06 -3.40592e-06 -5.81559e-07
internal_weight=19049 11552 7497 5919 5633 4253 4605 6433 3282 3257 4445 2645 2335 1988 1894
internal_count=19049 11552 7497 5919 5633 4253 4605 6433 3282 3257 4445 2645 2335 1988 1894
is_linear=0
shrinkage=0.00507085


Tree=9
num_leaves=15
num_cat=0
split_feature=29 31 32 29 35 24 4 31 20 4 24 30 17 20
split_gain=0.00374379 0.0012819 0.000383215 0.000319827 0.000190773 0.00017657 0.000128995 0.000120162 0.000102266 5.86645e-05 5.18942e-05 3.56128e-05 3.32591e-05 3.31539e-05
threshold=-0.50311914312393957 -274.16636591029464 -0.99634683855938355 -0.98501898920110598 205.50000000000003 0.64145055002875884 40.500000000000007 2417.9780889831632 0.51306642928799995 73.500000000000014 0.64145055002875884 -0.00043470323163490775 -0.23275730347653792 0.50134227231381778
decision_type=8 10 10 10 2 10 10 10 8 10 10 8 10 10
left_child=3 5 -3 6 7 8 10 9 -2 13 12 -8 -1 -4
right_child=1 2 4 -5 -6 -7 11 -9 -10 -11 -12 -13 -14 -15
leaf_value=-4.2122336220196006e-06 -1.9910468357095487e-06 5.5377049424390137e-06 2.2917382074308397e-06 -5.3491756781596043e-06 4.2705826721526261e-06 1.2567674359260782e-06 -2.2808633907064204e-06 4.792187337953653e-07 -1.4012539597283811e-07 1.6042720789653156e-06 -2.2889680355456339e-06 -1.1176045455240197e-06 -2.9120079653174699e-06 3.5251550065223544e-06
leaf_weight=982 1448 1381 1006 1078 1304 1239 1100 964 1635 1223 1476 1768 1054 1277
leaf_count=982 1448 1381 1006 1078 1304 1239 1100 964 1635 1223 1476 1768 1054 1277
internal_value=2.94937e-09 1.82059e-06 3.13774e-06 -2.79411e-06 2.56362e-06 -3.59789e-07 -2.3623e-06 2.06552e-06 -1.00965e-06 2.50152e-06 -3.01406e-06 -1.56397e-06 -3.53943e-06 2.98191e-06
internal_weight=18935 11477 7155 7458 5774 4322 6380 4470 3083 3506 3512 2868 2036 2283
internal_count=18935 11477 7155 7458 5774 4322 6380 4470 3083 3506 3512 2868 2036 2283
is_linear=0
shrinkage=0.00507085


Tree=10
num_leaves=15
num_cat=0
split_feature=29 31 32 29 8 24 28 30 2 13 24 8 19 19
split_gain=0.00370592 0.00126903 0.000380083 0.000316591 0.000191058 0.000187377 0.000153998 0.000122752 0.000100709 0.000103018 6.82609e-05 6.57527e-05 5.42368e-05 3.41629e-05
threshold=-0.50311914312393957 -408.58503926963607 -0.99634683855938355 -0.98501898920110598 -0.024889233243550163 0.52505203695725033 2.0000000000000715 -3.4236603800110451e-05 81.65000000000002 -0.39356160818502323 0.64145055002875884 -0.17671882151874077 0.13179474422536516 0.035923229634606681
decision_type=8 10 10 10 10 8 10 10 10 8 10 10 8 10
left_child=3 5 -3 8 6 -2 7 -4 11 -10 -7 13 -8 -1
right_child=1 2 4 -5 -6 10 12 -9 9 -11 -12 -13 -14 -15
leaf_value=-2.9984811715596285e-06 -1.9163047940044122e-06 5.4678347439211067e-06 2.5731163857773452e-07 -5.3220508198533906e-06 4.530206363496428e-06 -3.2995953347965954e-07 2.234092394509717e-06 2.4090007592402525e-06 -2.3267936329492644e-06 -4.3611217804847411e-06 1.250394579456975e-06 -7.4394197573841526e-07 3.8866690640712422e-06 -1.7857795077310492e-06
leaf_weight=956 1388 1409 1385 1078 1016 1623 923 1344 1722 1021 1239 1076 1150 1605
leaf_count=956 1388 1409 1385 1078 1016 1623 923 1344 1722 1021 1239 1076 1150 1605
internal_value=2.93411e-09 1.81136e-06 3.10442e-06 -2.77994e-06 2.53195e-06 -3.87322e-07 2.10904e-06 1.31721e-06 -2.35032e-06 -3.08423e-06 3.53991e-07 -1.79665e-06 3.15115e-06 -2.2387e-06
internal_weight=18935 11477 7227 7458 5818 4250 4802 2729 6380 2743 2862 3637 2073 2561
internal_count=18935 11477 7227 7458 5818 4250 4802 2729 6380 2743 2862 3637 2073 2561
is_linear=0
shrinkage=0.00507085


Tree=11
num_leaves=15
num_cat=0
split_feature=29 31 32 29 35 24 4 31 20 34 4 24 20 0
split_gain=0.00366843 0.00125632 0.000375529 0.000313387 0.000188676 0.000173058 0.000127229 0.000118091 0.000100678 6.389e-05 5.80421e-05 5.11576e-05 3.27612e-05 2.87125e-05
threshold=-0.50311914312393957 -274.16636591029464 -0.99634683855938355 -0.98501898920110598 205.50000000000003 0.64145055002875884 40.500000000000007 2417.9780889831632 0.51306642928799995 14.500000000000002 73.500000000000014 0.64145055002875884 0.50134227231381778 130.75000000000003
decision_type=8 10 10 10 2 10 10 10 8 2 10 10 10 10
left_child=3 5 -3 6 7 8 11 10 -2 -8 12 13 -4 -1
right_child=1 2 4 -5 -6 -7 9 -9 -10 -11 -12 -13 -14 -15
leaf_value=-2.884456072271175e-06 -1.9734504964134324e-06 5.4818976790376749e-06 2.266410195892726e-06 -5.2950635842647439e-06 4.2353365977168436e-06 1.2440540259322388e-06 -5.8883276288624425e-07 4.6984811365939479e-07 -1.3695425669111205e-07 -2.1448763202965391e-06 1.5821766504917258e-06 -2.2657549928540991e-06 3.4925054725713127e-06 -4.0927884346779256e-06
leaf_weight=987 1448 1381 1006 1078 1304 1239 1105 964 1635 1763 1223 1476 1277 1049
leaf_count=987 1448 1381 1006 1078 1304 1239 1105 964 1635 1763 1223 1476 1277 1049
internal_value=2.91891e-09 1.80218e-06 3.10611e-06 -2.76585e-06 2.53778e-06 -3.56338e-07 -2.3384e-06 2.04243e-06 -9.99699e-07 -1.54556e-06 2.47465e-06 -2.98569e-06 2.95249e-06 -3.50732e-06
internal_weight=18935 11477 7155 7458 5774 4322 6380 4470 3083 2868 3506 3512 2283 2036
internal_count=18935 11477 7155 7458 5774 4322 6380 4470 3083 2868 3506 3512 2283 2036
is_linear=0
shrinkage=0.00507085


end of trees

feature_importances:
alpha054=24
alpha042=21
volume=14
alpha020=14
alpha101=13
alpha083=11
alpha038=9
alpha033=7
time_encoded=7
alpha030=6
alpha053=6
alpha005=4
alpha013=4
alpha060=4
open=3
low=3
vwap=3
alpha041=3
alpha051=3
stock_encoded=3
day_encoded=3
high=2
alpha015=2
alpha016=2
alpha040=2
alpha012=1
alpha050=1

parameters:
[boosting: gbdt]
[objective: regression]
[metric: rmse]
[tree_learner: serial]
[device_type: cpu]
[data_sample_strategy: bagging]
[data: ]
[valid: ]
[num_iterations: 200]
[learning_rate: 0.00507085]
[num_leaves: 48]
[num_threads: 0]
[seed: 0]
[deterministic: 0]
[force_col_wise: 0]
[force_row_wise: 0]
[histogram_pool_size: -1]
[max_depth: -1]
[min_data_in_leaf: 919]
[min_sum_hessian_in_leaf: 0.001]
[bagging_fraction: 0.714746]
[pos_bagging_fraction: 1]
[neg_bagging_fraction: 1]
[bagging_freq: 3]
[bagging_seed: 3]
[bagging_by_query: 0]
[feature_fraction: 0.747744]
[feature_fraction_bynode: 1]
[feature_fraction_seed: 2]
[extra_trees: 0]
[extra_seed: 6]
[early_stopping_round: 0]
[early_stopping_min_delta: 0]
[first_metric_only: 0]
[max_delta_step: 0]
[lambda_l1: 0.000116896]
[lambda_l2: 0.002302]
[linear_lambda: 0]
[min_gain_to_split: 0]
[drop_rate: 0.1]
[max_drop: 50]
[skip_drop: 0.5]
[xgboost_dart_mode: 0]
[uniform_drop: 0]
[drop_seed: 4]
[top_rate: 0.2]
[other_rate: 0.1]
[min_data_per_group: 100]
[max_cat_threshold: 32]
[cat_l2: 10]
[cat_smooth: 10]
[max_cat_to_onehot: 4]
[top_k: 20]
[monotone_constraints: ]
[monotone_constraints_method: basic]
[monotone_penalty: 0]
[feature_contri: ]
[forcedsplits_filename: ]
[refit_decay_rate: 0.9]
[cegb_tradeoff: 1]
[cegb_penalty_split: 0]
[cegb_penalty_feature_lazy: ]
[cegb_penalty_feature_coupled: ]
[path_smooth: 0]
[interaction_constraints: ]
[verbosity: -1]
[saved_feature_importance_type: 0]
[use_quantized_grad: 0]
[num_grad_quant_bins: 4]
[quant_train_renew_leaf: 0]
[stochastic_rounding: 1]
[linear_tree: 0]
[max_bin: 255]
[max_bin_by_feature: ]
[min_data_in_bin: 3]
[bin_construct_sample_cnt: 200000]
[data_random_seed: 1]
[is_enable_sparse: 1]
[enable_bundle: 1]
[use_missing: 1]
[zero_as_missing: 0]
[feature_pre_filter: 1]
[pre_partition: 0]
[two_round: 0]
[header: 0]
[label_column: ]
[weight_column: ]
[group_column: ]
[ignore_column: ]
[categorical_feature: ]
[forcedbins_filename: ]
[precise_float_parser: 0]
[parser_config_file: ]
[objective_seed: 5]
[num_class: 1]
[is_unbalance: 0]
[scale_pos_weight: 1]
[sigmoid: 1]
[boost_from_average: 1]
[reg_sqrt: 0]
[alpha: 0.9]
[fair_c: 1]
[poisson_max_delta_step: 0.7]
[tweedie_variance_power: 1.5]
[lambdarank_truncation_level: 30]
[lambdarank_norm: 1]
[label_gain: ]
[lambdarank_position_bias_regularization: 0]
[eval_at: ]
[multi_error_top_k: 1]
[auc_mu_weights: ]
[num_machines: 1]
[local_listen_port: 12400]
[time_out: 120]
[machine_list_filename: ]
[machines: ]
[gpu_platform_id: -1]
[gpu_device_id: -1]
[gpu_use_dp: 0]
[num_gpu: 1]

end of parameters

pandas_categorical:[]
