tree
version=v4
num_class=1
num_tree_per_iteration=1
label_index=0
max_feature_idx=55
objective=regression
feature_names=volume vwap alpha002 alpha003 alpha005 alpha006 alpha007 alpha011 alpha012 alpha013 alpha015 alpha016 alpha018 alpha020 alpha027 alpha030 alpha033 alpha038 alpha040 alpha041 alpha042 alpha044 alpha050 alpha051 alpha053 alpha054 alpha060 alpha083 alpha101 stock_encoded day_encoded time_encoded close_10min close_20min open_10min open_20min past_ret_1 past_ret_2 past_ret_3 past_ret_4 past_ret_5 past_ret_6 past_ret_7 past_ret_8 past_ret_9 past_ret_10 BOP CCI MFI STOCHRSI slowK slowD NATR ADX DI_diff OBV
feature_infos=[1:9861] [24.831676706827309:2393.3433133732533] [-0.99249833329625692:0.99403528501832961] [-0.91365132140849636:0.9814074252595798] [-1:-1.4628009712998449e-05] [-0.99926738508946866:0.99927377446771282] [-60:60] [4.320774282751469e-05:1.9622076276068672] [-30:20] [-1:-0.0038167938931297708] [-2.988721804511278:-0.03007518796992481] [-1:-0.0038167938931297708] [-1:-0.0038167938931297708] [-1:-5.3735634114067321e-08] [1:1] [0:0.88696304718590113] [0.0037593984962406013:1] [-0.98443579766536971:-8.7768058277990686e-05] [-inf:inf] [-58.774650414934513:25.722813471117206] [0.0037593984962406013:266] [-1.0000000000027383:1.0000000000004736] [-1:-0.019083969465648856] [-30:15] [-200000:150000] [-1:0] [-0.014266854450054552:0.076490954287492904] [-inf:inf] [-0.99995000249987498:0.99995000249987498] [0:24] [13:17] [0:265] none [0:1] [0:1] [0:1] [-0.0119760479041916:0.012847965738758127] [-0.015968063872255467:0.012847965738758127] [-0.013972055888223589:0.018292682926829285] [-0.015180265654648917:0.020366598778004175] [-0.017964071856287456:0.023554603854389677] [-0.017142857142857126:0.024439918533604832] [-0.017964071856287456:0.026530612244898055] [-0.019960079840319334:0.025751072961373467] [-0.019960079840319334:0.025751072961373467] [-0.021097046413502074:0.025862068965517349] [-1:1] [-333.33333333428078:333.33333333428078] [-1.6477396100194098e-10:100.00000000003995] [0:100.00000000000001] [-7.5791225147744016e-14:100.00000000000115] [1.0697615632832619e-13:100.00000000000107] [0.086695930995535284:0.5765824676568323] [4.6517454813600123:99.930084584408817] [-38.719367438618249:49.798097013583174] [-20276:153219]
tree_sizes=2004 2028 2030 1915 2123 2142 2036 2045 2134 2127 1935 1839 1953 2037 1925 1931 2035 1933 1936 2127 1937 2048 1937 2029 2025 2039 1936 2023

Tree=0
num_leaves=19
num_cat=0
split_feature=25 36 27 37 20 27 37 36 13 20 15 24 0 20 13 29 45 31
split_gain=0.00470395 0.00136931 0.00081271 0.00033599 0.000221887 0.000197711 0.000112542 0.000111508 0.000105363 7.16922e-05 6.20386e-05 5.94883e-05 4.45238e-05 4.12335e-05 2.97637e-05 1.61259e-05 1.52967e-05 1.07243e-06
threshold=-0.50253164103948544 -0.0028797711110650766 -1016.9273240088652 0.0030911974926423062 1.4810240530030248 2893.3267118590907 -0.0015003759381570501 0.001668057874234852 -0.14697853933112567 0.99134182908545743 0.039113303323304566 500.00000000002484 54.500000000000007 1.4103913630229421 -0.091073640621385843 8.5000000000000018 -0.0012143295308426614 119.50000000000001
decision_type=8 8 10 10 10 10 10 10 8 10 10 8 10 10 10 2 10 2
left_child=3 -2 4 7 8 6 -4 9 -3 10 -1 13 -12 -8 -11 -13 17 -10
right_child=1 2 5 -5 -6 -7 11 -9 16 14 12 15 -14 -15 -16 -17 -18 -19
leaf_value=1.8612263048199065e-05 2.1010366899864376e-05 1.8881190604565586e-05 2.0223914537035117e-05 1.8145419867407826e-05 1.9764572343117774e-05 1.9511072670815559e-05 1.9629155617826654e-05 1.8530967752722675e-05 1.9332468653572971e-05 1.9141543136547519e-05 1.8770547134716322e-05 1.9921483438516667e-05 1.906506735372835e-05 1.9914483173371274e-05 1.8886940608812981e-05 2.0108890144750747e-05 1.9186776932273893e-05 1.9382985082402136e-05
leaf_weight=1338 860 823 1405 902 936 1184 1092 1219 951 1116 1314 962 921 1046 856 992 823 825
leaf_count=1338 860 823 1405 902 936 1184 1092 1219 951 1116 1314 962 921 1046 856 992 823 825
internal_value=1.93601e-05 1.97638e-05 1.96666e-05 1.87335e-05 1.93221e-05 1.98914e-05 1.99733e-05 1.8812e-05 1.9201e-05 1.88738e-05 1.87871e-05 1.98872e-05 1.88918e-05 1.97688e-05 1.9031e-05 2.00167e-05 1.93024e-05 1.93559e-05
internal_weight=19565 11899 11039 7666 4358 6681 5497 6764 3422 5545 3573 4092 2235 2138 1972 1954 2599 1776
internal_count=19565 11899 11039 7666 4358 6681 5497 6764 3422 5545 3573 4092 2235 2138 1972 1954 2599 1776
is_linear=0
shrinkage=1


Tree=1
num_leaves=19
num_cat=0
split_feature=25 36 27 37 20 27 37 36 13 20 15 24 0 20 13 29 45 31
split_gain=0.0046943 0.0013665 0.000811044 0.000335301 0.000221433 0.000197306 0.000112311 0.000111279 0.000105147 7.1545e-05 6.19112e-05 5.93662e-05 4.44324e-05 4.11489e-05 2.97026e-05 1.60926e-05 1.52654e-05 1.07024e-06
threshold=-0.50253164103948544 -0.0028797711110650766 -1016.9273240088652 0.0030911974926423062 1.4810240530030248 2893.3267118590907 -0.0015003759381570501 0.001668057874234852 -0.14697853933112567 0.99134182908545743 0.039113303323304566 500.00000000002484 54.500000000000007 1.4103913630229421 -0.091073640621385843 8.5000000000000018 -0.0012143295308426614 119.50000000000001
decision_type=8 8 10 10 10 10 10 10 8 10 10 8 10 10 10 2 10 2
left_child=3 -2 4 7 8 6 -4 9 -3 10 -1 13 -12 -8 -11 -13 17 -10
right_child=1 2 5 -5 -6 -7 11 -9 16 14 12 15 -14 -15 -16 -17 -18 -19
leaf_value=-7.3999918536139996e-07 1.6556450634404056e-06 -4.7134745108096726e-07 8.6999930765273403e-07 -1.2063635349734845e-06 4.111282636429194e-07 1.5788857575445329e-07 2.758504012614445e-07 -8.2121110706314845e-07 -2.0532261845192605e-08 -2.1126196975323728e-07 -5.8187745284163644e-07 5.6787840564118384e-07 -2.8765931726726974e-07 5.6088531515565119e-07 -4.6560337364173174e-07 7.5509288626076873e-07 -1.6607455743995962e-07 2.9932350779705579e-08
leaf_weight=1338 860 823 1405 902 936 1184 1092 1219 951 1116 1314 962 921 1046 856 992 823 825
leaf_count=1338 860 823 1405 902 936 1184 1092 1219 951 1116 1314 962 921 1046 856 992 823 825
internal_value=7.0713e-09 4.10329e-07 3.13299e-07 -6.18838e-07 -3.0889e-08 5.37834e-07 6.19644e-07 -5.40469e-07 -1.51833e-07 -4.78726e-07 -5.6533e-07 5.33649e-07 -4.607e-07 4.15368e-07 -3.21738e-07 6.62996e-07 -5.06008e-08 2.82984e-09
internal_weight=19565 11899 11039 7666 4358 6681 5497 6764 3422 5545 3573 4092 2235 2138 1972 1954 2599 1776
internal_count=19565 11899 11039 7666 4358 6681 5497 6764 3422 5545 3573 4092 2235 2138 1972 1954 2599 1776
is_linear=0
shrinkage=0.00102565


Tree=2
num_leaves=19
num_cat=0
split_feature=25 17 37 20 37 27 27 28 20 1 29 20 13 23 0 39 31 48
split_gain=0.00468468 0.00125054 0.000486661 0.000360067 0.000334613 0.000132509 0.000124561 0.00011232 9.93472e-05 8.0365e-05 6.58331e-05 5.66404e-05 5.13024e-05 4.08723e-05 3.81146e-05 3.62662e-05 2.03809e-05 6.31757e-06
threshold=-0.50253164103948544 -0.16861089507530339 -0.0025559115866903288 1.4810240530030248 0.0030911974926423062 -1016.9273240088652 643.63181348957937 -0.99775511321496635 0.99134182908545743 113.86875903071603 8.5000000000000018 2.2594997594997599 -0.096310724128939776 -1.0000000180025095e-35 29.500000000000004 -0.0012682313279677169 150.50000000000003 18.28945910440574
decision_type=8 10 10 10 10 8 8 10 10 10 2 10 10 10 10 10 2 2
left_child=4 3 -3 5 8 -2 -7 -4 9 13 -11 16 -5 -1 -10 17 -9 -8
right_child=1 2 7 12 -6 6 15 11 14 10 -12 -13 -14 -15 -16 -17 -18 -19
leaf_value=-6.6836746677996929e-07 -3.6927772577623681e-07 1.5047656587435068e-06 9.7944278626499032e-07 3.3422668006633128e-07 -1.2051262304001701e-06 3.4970133717786447e-07 -3.9249653250941772e-08 3.5007589188894683e-07 -5.1595924844894249e-07 -6.1996263334500655e-07 -1.0062834212347966e-06 7.1201584142805254e-07 6.6418803477566834e-07 -4.0119926492524241e-07 -2.5441878866180185e-07 -2.3707785736312542e-07 5.6631239215980255e-07 8.1205045955298855e-08
leaf_weight=1024 983 841 876 1092 902 1070 967 1032 1060 1049 837 1559 912 1475 1319 864 834 869
leaf_count=1024 983 841 876 1092 902 1070 967 1032 1060 1049 837 1559 912 1475 1319 864 834 869
internal_value=7.06403e-09 4.09908e-07 7.91071e-07 1.19827e-07 -6.18204e-07 -3.38822e-08 5.3532e-08 6.51484e-07 -5.39915e-07 -6.31518e-07 -7.91486e-07 5.67562e-07 4.8446e-07 -5.10732e-07 -3.71012e-07 -6.37861e-08 4.46798e-07 1.76855e-08
internal_weight=19565 11899 5142 6757 7666 4753 3770 4301 6764 4385 1886 3425 2004 2499 2379 2700 1866 1836
internal_count=19565 11899 5142 6757 7666 4753 3770 4301 6764 4385 1886 3425 2004 2499 2379 2700 1866 1836
is_linear=0
shrinkage=0.00102565


Tree=3
num_leaves=18
num_cat=0
split_feature=25 36 17 37 20 36 0 13 37 20 15 15 24 20 0 13 55
split_gain=0.00467508 0.00136229 0.000788976 0.000333927 0.000299812 0.000110973 0.000107745 0.000113669 0.000101212 7.12595e-05 6.17727e-05 4.99632e-05 4.99533e-05 5.06133e-05 4.43082e-05 2.9639e-05 7.68643e-07
threshold=-0.50253164103948544 -0.0028797711110650766 -0.1747009341319333 0.0030911974926423062 1.9234432234432237 0.001668057874234852 8.5000000000000018 -0.19401323239990056 -0.0015071598611641199 0.99134182908545743 0.039113303323304566 0.041131401075835003 500.00000000002484 1.5837458745874589 54.500000000000007 -0.091073640621385843 2772.5000000000005
decision_type=8 8 10 10 10 10 8 10 10 10 10 10 10 10 10 10 2
left_child=3 -2 4 5 6 9 7 -3 -4 10 -1 16 13 -10 -12 -11 -8
right_child=1 2 8 -5 -6 -7 11 -9 12 15 14 -13 -14 -15 -16 -17 -18
leaf_value=-7.3860785096106995e-07 1.6528841746712735e-06 -4.9266291769505312e-07 8.8207670783864604e-07 -1.2038901872882679e-06 4.6741487825313965e-07 -8.1971669921438878e-07 0 1.5943956461617746e-08 2.4050862968895175e-07 -2.1067063138914425e-07 -5.8062922138512218e-07 2.518315241533474e-07 6.830485401217546e-07 5.8546730394925968e-07 -2.8682222684717091e-07 -4.6473952018199506e-07 -4.1228621494288346e-08
leaf_weight=1338 860 929 1291 902 1598 1219 835 919 824 1116 1314 1078 1475 984 921 856 1106
leaf_count=1338 860 929 1291 902 1598 1219 835 919 824 1116 1314 1078 1475 984 921 856 1106
internal_value=7.05677e-09 4.09488e-07 3.12608e-07 -6.1757e-07 8.19443e-08 -5.39361e-07 -4.45895e-08 -2.39659e-07 6.38602e-07 -4.77703e-07 -5.64134e-07 7.47697e-08 5.42815e-07 4.2833e-07 -4.59621e-07 -3.21028e-07 -2.34943e-08
internal_weight=19565 11899 11039 7666 6465 6764 4867 1848 4574 5545 3573 3019 3283 1808 2235 1972 1941
internal_count=19565 11899 11039 7666 6465 6764 4867 1848 4574 5545 3573 3019 3283 1808 2235 1972 1941
is_linear=0
shrinkage=0.00102565


Tree=4
num_leaves=20
num_cat=0
split_feature=25 17 37 20 37 27 27 28 20 1 29 20 24 13 0 39 37 15 48
split_gain=0.00466549 0.00124556 0.000484977 0.000358666 0.000333242 0.000132174 0.000124127 0.000111999 9.89831e-05 8.01541e-05 6.5686e-05 5.64563e-05 5.59947e-05 5.11436e-05 3.80323e-05 3.61632e-05 3.09128e-05 6.97242e-06 6.30471e-06
threshold=-0.50253164103948544 -0.16861089507530339 -0.0025559115866903288 1.4810240530030248 0.0030911974926423062 -1016.9273240088652 643.63181348957937 -0.99775511321496635 0.99134182908545743 113.86875903071603 8.5000000000000018 2.2594997594997599 499.99999999998948 -0.096310724128939776 29.500000000000004 -0.0012682313279677169 0.001233806761961276 0.074702889475195669 18.28945910440574
decision_type=8 10 10 10 10 8 8 10 10 10 2 10 10 10 10 10 8 10 2
left_child=4 3 -3 5 8 -2 -7 -4 9 16 -11 12 -9 -5 -10 18 17 -1 -8
right_child=1 2 7 13 -6 6 15 11 14 10 -12 -13 -14 -15 -16 -17 -18 -19 -20
leaf_value=-4.948983677288165e-07 -3.6881567494100434e-07 1.5019302968876187e-06 9.7761608063800137e-07 3.3348712211080736e-07 -1.2026554078302277e-06 3.4911184896120771e-07 -3.9176536048222689e-08 2.8404580984767552e-07 -5.1500543528454649e-07 -6.1866952283576294e-07 -1.0045587117593639e-06 7.105422005280703e-07 6.4140084448501753e-07 6.6293798647376615e-07 -2.5374749310616257e-07 -2.3670069645084279e-07 -6.6951169281616364e-07 -3.6061312378728928e-07 8.1155404025374881e-08
leaf_weight=827 983 841 876 1092 902 1070 967 1022 1060 1049 837 1559 844 912 1319 864 845 827 869
leaf_count=827 983 841 876 1092 902 1070 967 1022 1060 1049 837 1559 844 912 1319 864 845 827 869
internal_value=7.04951e-09 4.09068e-07 7.8947e-07 1.19565e-07 -6.16937e-07 -3.3845e-08 5.34585e-08 6.50126e-07 -5.38808e-07 -6.30243e-07 -7.90001e-07 5.66323e-07 4.45755e-07 4.83488e-07 -3.70215e-07 -6.36552e-08 -5.09616e-07 -4.27842e-07 1.77005e-08
internal_weight=19565 11899 5142 6757 7666 4753 3770 4301 6764 4385 1886 3425 1866 2004 2379 2700 2499 1654 1836
internal_count=19565 11899 5142 6757 7666 4753 3770 4301 6764 4385 1886 3425 1866 2004 2379 2700 2499 1654 1836
is_linear=0
shrinkage=0.00102565


Tree=5
num_leaves=20
num_cat=0
split_feature=24 28 28 13 44 13 28 55 26 4 31 4 38 23 39 37 11 55 23
split_gain=0.00313486 0.00134713 0.00081757 0.000860665 0.000334069 0.000315889 0.000117997 0.000108279 6.0445e-05 5.92736e-05 4.04649e-05 4.04222e-05 3.97165e-05 3.32643e-05 3.14742e-05 2.11063e-05 1.88291e-05 1.40164e-05 1.23737e-05
threshold=499.74999999993616 -0.54879228150145987 0.49813277750899049 -0.20149262814269495 -0.0030959752321980667 -0.071479714798121929 0.99552040593843538 9594.0000000000018 -0.0021380761059130522 -0.26263860039203063 114.50000000000001 -0.52605317078471636 -0.0013559328266281032 -1.0000000180025095e-35 0.001281230506582687 0.0012476611218520397 -0.46750643660508601 2952.5000000000005 1.0000000180025095e-35
decision_type=10 8 10 8 10 10 10 2 8 8 2 10 8 10 8 10 10 2 10
left_child=1 -1 3 7 -2 9 15 11 -7 -5 -10 -3 -6 -9 -11 -4 -15 -16 -14
right_child=4 2 6 5 12 8 -8 13 10 14 -12 -13 18 16 17 -17 -18 -19 -20
leaf_value=8.1930704340380407e-07 1.360751068451564e-06 -8.2119281135696757e-07 -4.4182558499094893e-07 -3.1080840123768992e-07 8.5654613756132878e-07 1.6030270143370131e-07 -9.1128818839313636e-07 -5.1164970681182284e-07 3.3284037559730603e-07 1.0493196559036744e-07 6.5431716201552625e-07 -5.1757424022796862e-07 4.9301383369940545e-07 -1.6120765542475051e-07 -2.2501082828011298e-08 -6.5965431478783655e-07 -3.7875848634696423e-07 -2.0154967539914587e-07 6.6521994790979337e-07
leaf_weight=1281 1029 985 1102 924 828 875 1615 914 825 1327 828 875 841 855 1044 823 826 825 943
leaf_count=1281 1029 985 1102 924 828 875 1615 914 825 1327 828 875 841 855 1044 823 826 825 943
internal_value=7.04226e-09 -1.89265e-07 -2.77507e-07 -1.40646e-07 8.65638e-07 9.30988e-08 -7.06724e-07 -4.89485e-07 3.78527e-07 -8.20034e-08 4.93957e-07 -6.78438e-07 6.70533e-07 -3.53996e-07 -1.58088e-08 -5.35028e-07 -2.68191e-07 -1.01611e-07 5.8412e-07
internal_weight=19565 15924 14643 11103 3641 6648 3540 4455 2528 4120 1653 1860 2612 2595 3196 1925 1681 1869 1784
internal_count=19565 15924 14643 11103 3641 6648 3540 4455 2528 4120 1653 1860 2612 2595 3196 1925 1681 1869 1784
is_linear=0
shrinkage=0.00102565


Tree=6
num_leaves=19
num_cat=0
split_feature=25 36 27 37 20 17 27 36 13 37 20 15 16 55 13 45 20 48
split_gain=0.00464794 0.00135672 0.000802959 0.00033232 0.000219515 0.000197595 0.000116197 0.000110567 0.000104389 0.00010216 7.09296e-05 6.15808e-05 4.05335e-05 3.07177e-05 2.95394e-05 1.51847e-05 8.13967e-06 5.28371e-07
threshold=-0.50253164103948544 -0.0028797711110650766 -1016.9273240088652 0.0030911974926423062 1.4810240530030248 -0.17105732175889091 509.63678222021457 0.001668057874234852 -0.14697853933112567 -0.0015003759381570501 0.99134182908545743 0.039113303323304566 0.54793233082706772 17202.000000000004 -0.091073640621385843 -0.0012143295308426614 1.7980958340783124 12.506302923409566
decision_type=8 8 10 10 10 10 10 10 8 10 10 10 10 2 10 10 10 2
left_child=3 -2 4 7 8 6 -4 10 -3 -7 11 -1 -11 -13 -12 17 -14 -10
right_child=1 2 5 -5 -6 9 -8 -9 15 12 14 13 16 -15 -16 -17 -18 -19
leaf_value=-7.3664346320882525e-07 1.6491479592002429e-06 -4.6963417091612166e-07 4.6382786025110822e-07 -1.2006844087694528e-06 4.0924566611114935e-07 9.1071540395873213e-07 -1.0689201249223451e-08 -8.1759789166619701e-07 -1.395474030950806e-08 4.3126291927272551e-07 -2.0972577156048758e-07 -6.1448399314719618e-07 5.9935234610564276e-07 -3.6524451483204938e-07 -4.6336763662239552e-07 -1.6557471494516864e-07 7.4416545554733337e-07 2.1434606942549928e-08
leaf_weight=1338 860 823 1559 902 936 1272 832 1219 927 1348 1116 832 847 1403 856 823 823 849
leaf_count=1338 860 823 1559 902 936 1272 832 1219 927 1348 1116 832 847 1403 856 823 823 849
internal_value=7.03502e-09 4.08296e-07 3.11614e-07 -6.15776e-07 -3.08538e-08 5.35027e-07 2.9865e-07 -5.37755e-07 -1.51273e-07 6.66736e-07 -4.7621e-07 -5.62441e-07 5.63859e-07 -4.5809e-07 -3.19898e-07 -5.04063e-08 6.70804e-07 2.88273e-09
internal_weight=19565 11899 11039 7666 4358 6681 2391 6764 3422 4290 5545 3573 3018 2235 1972 2599 1670 1776
internal_count=19565 11899 11039 7666 4358 6681 2391 6764 3422 4290 5545 3573 3018 2235 1972 2599 1670 1776
is_linear=0
shrinkage=0.00102565


Tree=7
num_leaves=19
num_cat=0
split_feature=25 37 17 37 20 20 20 0 27 27 28 23 15 39 38 0 18 48
split_gain=0.00458148 0.00132681 0.00078606 0.000311653 0.000261061 0.000127741 0.000104309 9.43469e-05 9.16474e-05 9.98525e-05 7.68996e-05 4.59714e-05 3.19769e-05 3.034e-05 2.79042e-05 2.05512e-05 1.31521e-05 1.04296e-06
threshold=-0.50000000000000877 -0.0030959752321980667 -0.17782174307363738 0.0030911974926423062 2.7396546803652972 3.1968455042225541 2.8030477949665209 14.500000000000002 -1.7976931348623157e+308 134.39364154749694 -0.98039215686274461 -1.0000000180025095e-35 0.042527746696353265 -0.0012570715211275838 -1.0000000180025095e-35 52.500000000000007 -0.011405161670469127 6.2515345623306784
decision_type=8 8 10 10 10 10 10 10 8 8 10 10 10 10 10 10 8 2
left_child=3 -2 4 5 8 7 10 -1 -3 -10 -4 16 -13 -8 17 -14 -9 -11
right_child=1 2 6 -5 -6 -7 13 11 9 14 -12 12 15 -15 -16 -17 -18 -19
leaf_value=-8.001708633211093e-07 1.5333099092756447e-06 -3.0951620319641606e-07 7.0514323352609074e-07 -1.1789368137982007e-06 5.0198698691030221e-07 -1.5865402515410385e-07 9.6637989416722113e-07 -5.5135440537030715e-07 3.1629991695232688e-07 -8.3658669503293784e-09 3.5513369214139857e-07 -5.9600557386875308e-07 -4.6098943219088915e-07 6.9667280572381143e-07 -1.8366973329577817e-07 -2.5154903846242578e-07 -7.3455446377148143e-07 3.9839391802996114e-08
leaf_weight=1586 1006 1020 1140 887 1174 843 825 826 997 839 1576 849 1003 952 1150 978 845 1068
leaf_count=1586 1006 1020 1140 887 1174 843 825 826 997 839 1576 849 1003 952 1150 978 845 1068
internal_value=2.05636e-09 4.06948e-07 3.0144e-07 -6.06376e-07 6.61243e-08 -5.33071e-07 6.28639e-07 -5.84902e-07 -3.46957e-08 3.44149e-08 5.02097e-07 -5.09016e-07 -4.29216e-07 8.21969e-07 -5.74716e-08 -3.57663e-07 -6.44081e-07 1.85565e-08
internal_weight=19564 11747 10741 7817 6248 6930 4493 6087 5074 4054 2716 4501 2830 1777 3057 1981 1671 1907
internal_count=19564 11747 10741 7817 6248 6930 4493 6087 5074 4054 2716 4501 2830 1777 3057 1981 1671 1907
is_linear=0
shrinkage=0.00102565


Tree=8
num_leaves=20
num_cat=0
split_feature=24 28 20 26 37 44 37 36 26 13 15 20 36 16 13 20 31 17 29
split_gain=0.00296407 0.00130484 0.000960616 0.000360694 0.000351601 0.000334678 0.000271355 0.000189195 0.000106618 0.000105994 7.61097e-05 5.97931e-05 5.51079e-05 4.89925e-05 6.76946e-05 3.00909e-05 2.32415e-05 6.33516e-06 2.08001e-06
threshold=499.74999999993616 -0.54879228150145987 0.97853302611367143 -0.0062659801386615041 0.0028070189262020544 -0.0030959752321980667 -0.0010531861793577899 0.001668057874234852 -0.0013759804387600933 -0.10612289542622282 0.039113303323304566 2.6858338841154441 -0.0012714563307694158 0.21299912402365137 -0.20149262814269495 2.52521186440678 156.50000000000003 -0.12003379070243701 8.5000000000000018
decision_type=10 8 8 8 10 10 8 10 10 10 8 10 8 10 10 8 2 10 2
left_child=1 -1 4 -4 7 -2 -5 8 10 15 -3 -11 -7 -12 16 -8 -15 -14 -17
right_child=5 2 3 6 -6 12 9 -9 -10 11 13 -13 17 14 -16 18 -18 -19 -20
leaf_value=7.9974227628603168e-07 1.3453115371656662e-06 -7.0104225727556207e-07 -4.3787976123122415e-07 6.6338751903798108e-07 -1.1565751158256518e-06 8.5400652316473493e-07 -2.3149135591844292e-07 -8.6847285974947417e-07 -6.1388396110419375e-08 4.0640269283719577e-08 -5.9100300875180574e-07 4.3122395099480716e-07 4.738384184976003e-07 -5.7896294372833147e-07 -1.5205773344086374e-07 2.1365489329337213e-08 -3.393516766871024e-07 6.0174140714202091e-07 -4.5486334057064274e-08
leaf_weight=1296 1013 944 1535 834 825 897 1013 967 937 825 882 826 829 824 1428 930 891 838 1030
leaf_count=1296 1013 944 1535 834 825 897 1013 967 937 825 882 826 829 824 1428 930 891 838 1030
internal_value=2.05423e-09 -1.86778e-07 -2.73815e-07 1.3381e-09 -5.23788e-07 8.46056e-07 1.24889e-07 -4.47811e-07 -3.78911e-07 2.7733e-08 -4.38757e-07 2.36137e-07 6.48752e-07 -3.77207e-07 -3.17165e-07 -8.79522e-08 -4.5456e-07 5.38221e-07 -1.36933e-08
internal_weight=19564 15987 14691 6993 7698 3577 5458 6873 5906 4624 4969 1651 2564 4025 3143 2973 1715 1667 1960
internal_count=19564 15987 14691 6993 7698 3577 5458 6873 5906 4624 4969 1651 2564 4025 3143 2973 1715 1667 1960
is_linear=0
shrinkage=0.00102565


Tree=9
num_leaves=20
num_cat=0
split_feature=24 26 20 37 44 37 20 39 17 23 17 15 20 19 20 18 0 0 31
split_gain=0.00295799 0.00124899 0.000663381 0.000354339 0.000333992 0.000257489 0.00024952 0.000158871 0.000125742 9.71793e-05 9.13751e-05 7.18212e-05 5.43598e-05 5.15937e-05 4.21971e-05 3.89275e-05 2.80722e-05 2.16298e-05 1.38428e-05
threshold=499.74999999993616 -0.0026815768924158562 1.002232142857143 0.0025461499813617121 -0.0030959752321980667 -0.0012730749906807446 2.4214638157894748 0.0014255174740195333 -0.22284492846903248 -1.0000000180025095e-35 -0.25546478834380931 0.031970447795754996 2.6858338841154441 -1.4416884781104924 2.7396546803652972 0.0028193445751660338 38.500000000000007 32.500000000000007 139.50000000000003
decision_type=10 8 10 10 10 8 10 10 10 10 10 10 10 10 10 8 10 10 2
left_child=1 3 7 6 -2 -4 9 10 12 16 13 -11 -7 -3 18 -13 -1 -17 -6
right_child=4 2 5 -5 14 8 -8 -9 -10 11 -12 15 -14 -15 -16 17 -18 -19 -20
leaf_value=-8.2857175433749638e-07 1.343931689318351e-06 -1.3174301066558426e-08 9.1082841534816313e-07 -1.1146560281768055e-06 4.6661412514794744e-07 -8.843110143853748e-08 1.0584022520210829e-08 -5.58988388164957e-07 5.5070702535773584e-07 -6.55365057269033e-07 2.2803860517688938e-07 -1.9775536968047549e-07 2.8091360052716337e-07 -2.87546392868077e-07 8.3642185793400622e-07 -5.5078549241687169e-07 -5.6871178768609154e-07 -3.1975646430954452e-07 6.5171421470476131e-07
leaf_weight=860 1013 1368 869 827 893 841 1250 869 1032 932 830 1329 835 1527 843 832 902 884 828
leaf_count=860 1013 1368 869 827 893 841 1250 869 1032 932 830 1329 835 1527 843 832 902 884 828
internal_value=2.05209e-09 -1.86586e-07 9.37823e-08 -4.79707e-07 8.45189e-07 4.24986e-07 -4.04554e-07 -1.6407e-07 2.69026e-07 -4.94999e-07 -7.19017e-08 -4.06076e-07 9.54953e-08 -1.57944e-07 6.48087e-07 -3.29727e-07 -6.95625e-07 -4.31853e-07 5.55751e-07
internal_weight=19564 15987 8171 7816 3577 3577 6989 4594 2708 5739 3725 3977 1676 2895 2564 3045 1762 1716 1721
internal_count=19564 15987 8171 7816 3577 3577 6989 4594 2708 5739 3725 3977 1676 2895 2564 3045 1762 1716 1721
is_linear=0
shrinkage=0.00102565


Tree=10
num_leaves=18
num_cat=0
split_feature=25 37 17 37 20 20 13 0 20 0 28 15 23 39 16 0 31
split_gain=0.0045579 0.00132104 0.000781132 0.000309954 0.000259509 0.00012693 0.000112844 0.000103844 0.000103776 9.4123e-05 7.64534e-05 4.5774e-05 4.30616e-05 3.02214e-05 2.36155e-05 1.48851e-05 1.07597e-06
threshold=-0.50000000000000877 -0.0030959752321980667 -0.17782174307363738 0.0030911974926423062 2.7396546803652972 3.1968455042225541 -0.073743541346097313 7.5000000000000009 2.8030477949665209 14.500000000000002 -0.98039215686274461 0.033971556138109545 -1.0000000180025095e-35 -0.0012570715211275838 0.49047615592256122 15.500000000000002 124.50000000000001
decision_type=8 8 10 10 10 10 10 8 10 10 10 10 10 10 10 10 2
left_child=3 -2 4 5 6 9 7 -3 10 -1 -4 -11 -13 -10 -14 16 -9
right_child=1 2 8 -5 -6 -7 -8 15 13 11 -12 12 14 -15 -16 -17 -18
leaf_value=-7.9838955244099993e-07 1.5298068597754851e-06 -3.1405981728299643e-07 7.0303031732641553e-07 -1.1758132173208207e-06 5.006088690661591e-07 -1.5848310505573899e-07 2.785046466511951e-07 -8.5140812180525224e-09 9.637566066802364e-07 -6.6605769904507373e-07 3.5403678104572785e-07 -6.1491356296638497e-07 -4.6420708766870331e-07 6.945763264013263e-07 -2.4856954606654349e-07 1.3245723138053918e-07 -6.0877670272837311e-08
leaf_weight=1586 1006 1592 1140 887 1174 843 978 823 825 1347 1576 1008 1084 952 1062 838 843
leaf_count=1586 1006 1592 1140 887 1174 843 978 823 825 1347 1576 1008 1084 952 1062 838 843
internal_value=2.04997e-09 4.05898e-07 3.0062e-07 -6.04815e-07 6.60434e-08 -5.3171e-07 -3.44764e-08 -1.09242e-07 6.26793e-07 -5.83376e-07 5.00574e-07 -5.07581e-07 -4.39854e-07 8.19628e-07 -3.5756e-07 2.09216e-08 -3.50955e-08
internal_weight=19564 11747 10741 7817 6248 6930 5074 4096 4493 6087 2716 4501 3154 1777 2146 2504 1666
internal_count=19564 11747 10741 7817 6248 6930 5074 4096 4493 6087 2716 4501 3154 1777 2146 2504 1666
is_linear=0
shrinkage=0.00102565


Tree=11
num_leaves=17
num_cat=0
split_feature=25 36 17 36 20 20 20 15 13 1 28 13 16 1 37 24
split_gain=0.00454856 0.00134085 0.000768005 0.000340871 0.000288501 0.000123988 0.000113958 9.788e-05 9.63557e-05 5.57887e-05 5.40728e-05 4.5863e-05 3.93667e-05 3.02383e-05 2.8298e-05 1.42699e-05
threshold=-0.50000000000000877 -0.0028797711110650766 -0.17566497777312415 0.0025461499813617121 1.9234432234432237 3.1968455042225541 2.6312656641604018 0.034444065895665121 -0.20149262814269495 114.16599462365595 -0.66445182724250118 -0.073743541346097313 0.49906015037593993 81.132177558986015 -0.0012307696968595903 1.0000000000000357
decision_type=8 8 10 10 10 10 10 10 8 10 10 10 10 10 10 8
left_child=3 -2 4 5 8 7 10 9 -3 -1 -4 15 13 -9 -8 -10
right_child=1 2 6 -5 -6 -7 14 12 11 -11 -12 -13 -14 -15 -16 -17
leaf_value=-6.0165484524614999e-07 1.6165401844470498e-06 -2.9573665791719191e-07 6.4023020466658582e-07 -1.2207655200225125e-06 4.640667420533403e-07 -1.5994982112011572e-07 9.5970980472254418e-07 -4.6603518161945976e-07 -1.2475760499395362e-07 -9.251475717930577e-07 3.4751655601666302e-07 2.3842659709415559e-07 -3.4761252115607843e-07 -7.0040058273655157e-07 7.0656828917041815e-07 2.9300851979328255e-08
leaf_weight=1231 889 1238 1296 842 1516 840 843 1429 1037 1037 1368 888 1456 982 1053 1619
leaf_count=1231 889 1238 1296 842 1516 840 843 1429 1037 1037 1368 888 1456 982 1053 1619
internal_value=2.04784e-09 4.05482e-07 3.06314e-07 -6.04195e-07 7.41808e-08 -5.29744e-07 6.2689e-07 -5.80353e-07 -4.9392e-08 -7.49629e-07 4.89971e-07 3.66217e-08 -4.81036e-07 -5.61551e-07 8.19195e-07 -3.07957e-08
internal_weight=19564 11747 10858 7817 6298 6975 4560 6135 4782 2268 2664 3544 3867 2411 1896 2656
internal_count=19564 11747 10858 7817 6298 6975 4560 6135 4782 2268 2664 3544 3867 2411 1896 2656
is_linear=0
shrinkage=0.00102565


Tree=12
num_leaves=18
num_cat=0
split_feature=25 37 17 37 20 20 20 0 27 27 46 15 23 39 38 0 48
split_gain=0.00453924 0.00131659 0.000777894 0.000308948 0.000258462 0.00012643 0.000103346 9.38258e-05 9.09231e-05 9.91627e-05 7.27663e-05 4.55798e-05 4.29378e-05 3.01366e-05 2.76793e-05 2.35776e-05 1.03982e-06
threshold=-0.50000000000000877 -0.0030959752321980667 -0.17782174307363738 0.0030911974926423062 2.7396546803652972 3.1968455042225541 2.8030477949665209 14.500000000000002 -1.7976931348623157e+308 134.39364154749694 -0.75000000000000433 0.033971556138109545 -1.0000000180025095e-35 -0.0012570715211275838 -1.0000000180025095e-35 52.500000000000007 6.2515345623306784
decision_type=8 8 10 10 10 10 10 10 8 8 10 10 10 10 10 10 2
left_child=3 -2 4 5 8 7 10 -1 -3 -10 -4 -9 -13 -8 16 -14 -11
right_child=1 2 6 -5 -6 -7 13 11 9 14 -12 12 15 -15 -16 -17 -18
leaf_value=-7.9682700310271212e-07 1.5270822470550519e-06 -3.0817393792580974e-07 6.7560339970610359e-07 -1.1736461463057439e-06 4.9956306206393627e-07 -1.5809713277886039e-07 9.6182253061442906e-07 -6.6461821727119504e-07 3.1530492786890752e-07 -8.33378443370753e-09 3.3915685829432146e-07 -6.1370204931039095e-07 -4.6189713798033022e-07 6.9301944871907708e-07 -1.8286180109465551e-07 -2.4638618817112179e-07 3.9798491023983339e-08
leaf_weight=1586 1006 1020 1294 887 1174 843 825 1347 997 839 1422 1008 1098 952 1150 1048 1068
leaf_count=1586 1006 1020 1294 887 1174 843 825 1347 997 839 1422 1008 1098 952 1150 1048 1068
internal_value=2.04573e-09 4.05066e-07 2.99965e-07 -6.03576e-07 6.58752e-08 -5.30589e-07 6.25461e-07 -5.82153e-07 -3.44416e-08 3.43953e-08 4.99504e-07 -5.06477e-07 -4.38894e-07 8.17896e-07 -5.71732e-08 -3.56719e-07 1.85477e-08
internal_weight=19564 11747 10741 7817 6248 6930 4493 6087 5074 4054 2716 4501 3154 1777 3057 2146 1907
internal_count=19564 11747 10741 7817 6248 6930 4493 6087 5074 4054 2716 4501 3154 1777 3057 2146 1907
is_linear=0
shrinkage=0.00102565


Tree=13
num_leaves=19
num_cat=0
split_feature=25 36 17 36 13 16 37 55 13 16 16 24 15 21 42 40 1 55
split_gain=0.00452993 0.00133647 0.000764724 0.000339828 0.000201187 0.000131821 9.06101e-05 8.8607e-05 7.25463e-05 6.94481e-05 4.88775e-05 3.88438e-05 3.43124e-05 2.63398e-05 2.64739e-05 1.51332e-05 1.40676e-05 7.6346e-06
threshold=-0.50000000000000877 -0.0028797711110650766 -0.17566497777312415 0.0025461499813617121 -0.073743541346097313 0.54568414428140855 -0.0014234882655935197 1427.0000000000002 -0.20149262814269495 0.51880579655475934 0.86204530119003808 500.00000000004258 0.036333479143613838 -0.32577165476267017 0.0016246964417696577 0.0012055459473598875 78.367588372640057 2907.5000000000005
decision_type=8 8 10 10 10 10 10 2 8 10 10 10 8 2 8 8 10 2
left_child=3 -2 4 7 5 8 -4 -1 -3 12 11 -8 -9 -14 16 -10 -15 -17
right_child=1 2 6 -5 -6 -7 10 9 15 -11 -12 -13 13 14 -16 17 -18 -19
leaf_value=-8.4021139703375867e-07 1.6137264561450372e-06 -3.2954622498650597e-07 8.4563947900209361e-07 -1.2185827499922198e-06 4.095085871790206e-07 3.2029641611232726e-07 3.3288666101519892e-07 -6.9188698497294122e-07 8.283449884679585e-08 -2.7652536414430563e-07 7.1840133609592527e-07 6.1283023373020737e-07 -3.3064658194662491e-07 -3.8880557435339584e-07 -6.9097361564602963e-07 -1.186431159881196e-08 -5.6522310686280128e-07 -1.448086259549316e-07
leaf_weight=845 889 1118 1376 842 1448 933 1316 1217 973 1315 1000 868 823 1004 852 953 919 873
leaf_count=845 889 1118 1376 842 1448 933 1316 1217 973 1315 1000 868 823 1004 852 953 919 873
internal_value=2.04361e-09 4.04651e-07 3.05645e-07 -6.02957e-07 7.40082e-08 -2.61284e-08 6.25536e-07 -5.2862e-07 -1.08681e-07 -4.85645e-07 5.30371e-07 4.44211e-07 -5.42727e-07 -4.92234e-07 -5.40106e-07 -2.04097e-08 -4.73189e-07 -7.55021e-08
internal_weight=19564 11747 10858 7817 6298 4850 4560 6975 3917 6130 3184 2184 4815 3598 2775 2799 1923 1826
internal_count=19564 11747 10858 7817 6298 4850 4560 6975 3917 6130 3184 2184 4815 3598 2775 2799 1923 1826
is_linear=0
shrinkage=0.00102565


Tree=14
num_leaves=18
num_cat=0
split_feature=25 36 17 36 20 0 13 37 0 20 38 13 24 20 20 31 1
split_gain=0.00460152 0.00134863 0.000790356 0.000333801 0.000216469 0.000141445 0.000118269 0.000110164 9.24975e-05 6.4935e-05 7.09128e-05 5.9368e-05 5.85928e-05 5.83231e-05 4.42788e-05 3.00309e-05 2.05705e-05
threshold=-0.50308641507776375 -0.0028797711110650766 -0.1747009341319333 0.002609263993518574 2.8698475437605877 16.500000000000004 -0.073743541346097313 -0.0014234882655935197 9.5000000000000018 1.18956442831216 0.0016168159313225685 -0.13833363203440976 500.00000000004258 0.72324236298292921 1.8840695488721806 208.50000000000003 39.429030306771203
decision_type=8 8 10 10 10 10 10 10 8 10 8 8 10 10 10 2 10
left_child=3 -2 4 5 6 13 8 -4 11 10 15 -3 14 -1 -9 -7 -10
right_child=1 2 7 -5 -6 9 -8 12 16 -11 -12 -13 -14 -15 -16 -17 -18
leaf_value=-9.2672128045239687e-07 1.6156423924780324e-06 -4.7115094721380803e-07 8.727440078324824e-07 -1.230435344544934e-06 4.6908905263284116e-07 -5.1744650379537393e-07 2.9324197288983797e-07 2.4415270210567057e-07 -3.1832911097466817e-08 -2.7242709108372788e-07 -7.7158784572904603e-07 -9.692688942861581e-08 6.8261330513119547e-07 -5.7361813865121676e-07 5.6459820699049917e-07 -2.7828965851860547e-07 1.6802708558534579e-07
leaf_weight=1111 892 834 1369 824 1174 1624 1029 915 1572 1552 907 961 1406 889 904 842 826
leaf_count=1111 892 834 1369 824 1174 1624 1029 915 1572 1552 907 961 1406 889 904 842 826
internal_value=1.70547e-09 4.02725e-07 3.04266e-07 -6.13183e-07 7.11346e-08 -5.39716e-07 -1.83056e-08 6.28812e-07 -9.47961e-08 -4.46237e-07 -5.26169e-07 -2.7088e-07 5.2522e-07 -7.69838e-07 4.03485e-07 -4.35846e-07 3.69503e-08
internal_weight=19631 11882 10990 7749 6396 6925 5222 4594 4193 4925 3373 1795 3225 2000 1819 2466 2398
internal_count=19631 11882 10990 7749 6396 6925 5222 4594 4193 4925 3373 1795 3225 2000 1819 2466 2398
is_linear=0
shrinkage=0.00102565


Tree=15
num_leaves=18
num_cat=0
split_feature=25 37 17 37 13 16 28 25 0 20 20 20 15 0 0 39 48
split_gain=0.00459209 0.00121694 0.000806005 0.000312171 0.000200563 0.000114664 0.000113529 0.000112685 8.62621e-05 6.74913e-05 6.61286e-05 4.84406e-05 4.78611e-05 3.96966e-05 2.46473e-05 2.00998e-05 1.29553e-05
threshold=-0.50308641507776375 -0.0030959752321980667 -0.1747009341319333 0.0030911974926423062 -0.073743541346097313 0.54793233082706772 -0.99009900990098998 -0.99200643080209294 8.5000000000000018 1.18956442831216 2.0734619535887755 0.91785933346963822 0.04689110268891062 31.500000000000004 50.500000000000007 0.0025204798917479736 39.631596642521252
decision_type=8 8 10 10 10 10 10 10 8 10 10 10 10 10 10 8 2
left_child=3 -2 4 7 5 8 -4 9 11 12 16 -3 -1 -9 -14 -10 -8
right_child=1 2 6 -5 -6 -7 10 13 15 -11 -12 -13 14 -15 -16 -17 -18
leaf_value=-6.7898989605491364e-07 1.4887029415301641e-06 -4.4490197787666279e-07 9.1555462206811373e-07 -1.1732038355493056e-06 4.0113724373375755e-07 3.0618667405164563e-07 3.0831125700063167e-07 -9.2602958720937868e-07 1.4601939846468362e-07 -2.8642813195099994e-07 6.9017526672417085e-07 -9.9626337786647942e-08 -5.3345015631089189e-07 -6.1362275424700285e-07 -3.0191774466177097e-07 -4.9683374231929442e-08 4.8672086381706059e-07
leaf_weight=1500 994 883 1143 921 1475 877 829 828 896 1611 1616 831 1155 895 839 1437 901
leaf_count=1500 994 883 1143 921 1475 877 829 828 896 1611 1616 831 1155 895 839 1437 901
internal_value=1.70369e-09 4.02312e-07 3.03119e-07 -6.12554e-07 6.93642e-08 -2.99906e-08 6.36301e-07 -5.3691e-07 -1.02877e-07 -4.60292e-07 5.40865e-07 -2.77585e-07 -5.40416e-07 -7.63835e-07 -4.36101e-07 2.54163e-08 4.01311e-07
internal_weight=19631 11882 10888 7749 6399 4924 4489 6828 4047 5105 3346 1714 3494 1723 1994 2333 1730
internal_count=19631 11882 10888 7749 6399 4924 4489 6828 4047 5105 3346 1714 3494 1723 1994 2333 1730
is_linear=0
shrinkage=0.00102565


Tree=16
num_leaves=19
num_cat=0
split_feature=25 36 17 36 20 25 37 27 27 20 24 1 20 39 1 19 16 48
split_gain=0.00458267 0.00134423 0.000786975 0.000332783 0.000215833 0.000112221 0.000109767 0.000109214 0.000128061 6.32992e-05 5.8445e-05 5.02674e-05 4.41188e-05 3.27479e-05 2.93488e-05 2.57948e-05 1.64538e-05 7.46453e-06
threshold=-0.50308641507776375 -0.0028797711110650766 -0.1747009341319333 0.002609263993518574 2.8698475437605877 -0.99200643080209294 -0.0014234882655935197 -286.70334981903574 839.5144605788222 0.72324236298292921 500.00000000004258 113.86875903071603 1.8840695488721806 -0.0012682313279677169 114.16599462365595 -0.085036868572919019 0.48870479365835406 22.244102043323188
decision_type=8 8 10 10 10 10 10 8 8 10 10 10 10 10 10 10 10 2
left_child=3 -2 4 5 7 9 -4 -3 -9 11 12 16 -8 17 -7 -11 -1 -10
right_child=1 2 6 -5 -6 14 10 8 13 15 -12 -13 -14 -15 -16 -17 -18 -19
leaf_value=-5.57486084646293e-07 1.6128375800049765e-06 -3.040105596675528e-07 8.7094401189978677e-07 -1.2282365842671431e-06 4.6833820143222149e-07 -6.3315974219851996e-07 2.4342102498599029e-07 3.6678904897401431e-07 -2.5036349893422621e-08 -4.3972348297711323e-07 6.812416203568801e-07 -7.3872541773174498e-07 5.6328751709211674e-07 -1.8587870319595869e-07 -8.9982496045314332e-07 -2.2313811617156779e-07 -3.5834591633750524e-07 1.0306634650252533e-07
leaf_weight=878 892 1109 1369 824 1174 897 915 1055 1039 1223 1406 1088 904 1134 853 1105 881 885
leaf_count=878 892 1109 1369 824 1174 897 915 1055 1039 1223 1406 1088 904 1134 853 1105 881 885
internal_value=1.70192e-09 4.01899e-07 3.03601e-07 -6.11926e-07 7.09688e-08 -5.38571e-07 6.27453e-07 -1.83399e-08 5.86518e-08 -4.62575e-07 5.24047e-07 -5.65224e-07 4.02465e-07 -4.76081e-08 -7.63221e-07 -3.36981e-07 -4.57827e-07 3.38143e-08
internal_weight=19631 11882 10990 7749 6396 6925 4594 5222 4113 5175 3225 2847 1819 3058 1750 2328 1759 1924
internal_count=19631 11882 10990 7749 6396 6925 4594 5222 4113 5175 3225 2847 1819 3058 1750 2328 1759 1924
is_linear=0
shrinkage=0.00102565


Tree=17
num_leaves=18
num_cat=0
split_feature=25 36 17 36 20 0 13 37 0 20 38 13 24 20 20 16 23
split_gain=0.00457328 0.00134147 0.000785362 0.000332101 0.000215391 0.000140956 0.000117599 0.000109541 9.205e-05 6.46509e-05 7.06325e-05 5.92354e-05 5.8325e-05 5.80465e-05 4.40282e-05 2.25431e-05 2.12538e-05
threshold=-0.50308641507776375 -0.0028797711110650766 -0.1747009341319333 0.002609263993518574 2.8698475437605877 16.500000000000004 -0.073743541346097313 -0.0014234882655935197 9.5000000000000018 1.18956442831216 0.0016168159313225685 -0.13833363203440976 500.00000000004258 0.72324236298292921 1.8840695488721806 0.49906015037593993 -1.0000000180025095e-35
decision_type=8 8 10 10 10 10 10 10 8 10 8 8 10 10 10 10 10
left_child=3 -2 4 5 6 13 8 -4 11 10 15 -3 14 -1 -9 -7 -10
right_child=1 2 7 -5 -6 9 -8 12 16 -11 -12 -13 -14 -15 -16 -17 -18
leaf_value=-9.2425430001764826e-07 1.611183380640338e-06 -4.7029929654064838e-07 8.7005072544814154e-07 -1.226976845113545e-06 4.6785784780401456e-07 -5.0957591026109942e-07 2.9234273702226671e-07 2.4317135682042645e-07 -3.9272059395821863e-08 -2.7127190889996791e-07 -7.6939189490262311e-07 -9.6493279600436929e-08 6.8054290578895368e-07 -5.7198798834529926e-07 5.6270978509065481e-07 -3.0591432966468359e-07 1.5925061228186442e-07
leaf_weight=1111 892 834 1369 824 1174 1554 1029 915 1478 1552 907 961 1406 889 904 912 920
leaf_count=1111 892 834 1369 824 1174 1554 1029 915 1478 1552 907 961 1406 889 904 912 920
internal_value=1.70015e-09 4.01487e-07 3.0329e-07 -6.11299e-07 7.08959e-08 -5.38019e-07 -1.83211e-08 6.26809e-07 -9.45947e-08 -4.44701e-07 -5.24458e-07 -2.70252e-07 5.2351e-07 -7.67743e-07 4.02053e-07 -4.34314e-07 3.68325e-08
internal_weight=19631 11882 10990 7749 6396 6925 5222 4594 4193 4925 3373 1795 3225 2000 1819 2466 2398
internal_count=19631 11882 10990 7749 6396 6925 5222 4594 4193 4925 3373 1795 3225 2000 1819 2466 2398
is_linear=0
shrinkage=0.00102565


Tree=18
num_leaves=18
num_cat=0
split_feature=25 36 17 36 20 0 13 37 0 20 13 24 20 15 20 23 0
split_gain=0.0045639 0.00133872 0.000783752 0.000331419 0.000214949 0.000140667 0.000117358 0.000109317 9.18613e-05 6.45183e-05 5.91139e-05 5.82052e-05 5.79273e-05 5.29899e-05 4.39378e-05 2.12102e-05 1.66606e-05
threshold=-0.50308641507776375 -0.0028797711110650766 -0.1747009341319333 0.002609263993518574 2.8698475437605877 16.500000000000004 -0.073743541346097313 -0.0014234882655935197 9.5000000000000018 1.18956442831216 -0.13833363203440976 500.00000000004258 0.72324236298292921 0.054424525370275666 1.8840695488721806 -1.0000000180025095e-35 58.500000000000007
decision_type=8 8 10 10 10 10 10 10 8 10 8 10 10 10 10 10 10
left_child=3 -2 4 5 6 12 8 -4 10 13 -3 14 -1 -7 -9 -10 -15
right_child=1 2 7 -5 -6 9 -8 11 15 -11 -12 -13 -14 16 -16 -17 -18
leaf_value=-9.2330633187533741e-07 1.6095308639590923e-06 -4.6981693147938072e-07 8.6915835609967005e-07 -1.2257183945122131e-06 4.6737798840650842e-07 -6.6166239338923981e-07 2.9204289714389977e-07 2.4292195089607789e-07 -3.9231779188875605e-08 -2.7099367882224746e-07 -9.6394309392144523e-08 6.7984490479148927e-07 -5.7140132475041781e-07 -4.9963447645039851e-07 5.6213263793778014e-07 1.5908727721564662e-07 -3.0160729944051887e-07
leaf_weight=1111 892 834 1369 824 1174 1572 1029 915 1478 1552 961 1406 889 927 904 920 874
leaf_count=1111 892 834 1369 824 1174 1572 1029 915 1478 1552 961 1406 889 927 904 920 874
internal_value=1.69838e-09 4.01076e-07 3.02979e-07 -6.10672e-07 7.08232e-08 -5.37467e-07 -1.83023e-08 6.26166e-07 -9.44977e-08 -4.44245e-07 -2.69975e-07 5.22973e-07 -7.66956e-07 -5.23921e-07 4.0164e-07 3.67946e-08 -4.03614e-07
internal_weight=19631 11882 10990 7749 6396 6925 5222 4594 4193 4925 1795 3225 2000 3373 1819 2398 1801
internal_count=19631 11882 10990 7749 6396 6925 5222 4594 4193 4925 1795 3225 2000 3373 1819 2398 1801
is_linear=0
shrinkage=0.00102565


Tree=19
num_leaves=20
num_cat=0
split_feature=25 36 17 36 37 0 0 37 47 24 47 38 43 36 44 15 4 1 29
split_gain=0.00455455 0.00133598 0.000782145 0.00033074 0.000168462 0.000140379 0.000122907 0.000109092 9.01087e-05 5.80857e-05 5.71208e-05 4.51299e-05 3.2041e-05 3.08914e-05 2.94019e-05 1.89785e-05 1.3906e-05 1.26845e-05 6.66748e-06
threshold=-0.50308641507776375 -0.0028797711110650766 -0.1747009341319333 0.002609263993518574 -0.0012143295308426614 16.500000000000004 11.500000000000002 -0.0014234882655935197 18.518518518505278 500.00000000004258 -18.518518518570598 0.0016064267391988631 0.0016116045919692958 0.0012040943557624086 -1.0000000180025095e-35 0.123237863303978 -0.56762528890319164 47.803365053036153 8.5000000000000018
decision_type=8 8 10 10 8 10 10 10 10 10 10 8 8 8 10 10 10 10 2
left_child=3 -2 4 5 -3 10 8 -4 12 14 -1 13 -6 15 -9 17 -8 -7 -14
right_child=1 2 7 -5 6 11 16 9 -10 -11 -12 -13 18 -15 -16 -17 -18 -19 -20
leaf_value=-5.7177920919694156e-07 1.6078800363864415e-06 4.9536141228949548e-07 8.6826690265239718e-07 -1.2244612346551788e-06 1.3885056657901941e-07 -3.1199845189845773e-07 1.2188053095742079e-07 2.5743552300610506e-07 -3.8637972957575203e-07 6.7914761840213941e-07 -9.2127343976481725e-07 -6.0922552412481007e-07 -2.7320561012567196e-08 -5.5130745851422425e-07 5.1990248870546718e-07 -2.1736495324844718e-07 3.0097973146545801e-07 -4.8718496459102619e-07 -1.5143433684301021e-07
leaf_weight=888 892 852 1369 824 967 922 828 823 893 1406 1112 1285 879 893 996 989 1025 836 952
leaf_count=888 892 852 1369 824 967 922 828 823 893 1406 1112 1285 879 893 996 989 1025 836 952
internal_value=1.69662e-09 4.00664e-07 3.02668e-07 -6.10046e-07 7.07505e-08 -5.36916e-07 5.47082e-09 6.25524e-07 -1.02707e-07 5.22437e-07 -7.66169e-07 -4.4379e-07 -1.212e-08 -3.85348e-07 4.01228e-07 -3.31346e-07 2.21027e-07 -3.95388e-07 -9.19293e-08
internal_weight=19631 11882 10990 7749 6396 6925 5544 4594 3691 3225 2000 4925 2798 3640 1819 2747 1853 1758 1831
internal_count=19631 11882 10990 7749 6396 6925 5544 4594 3691 3225 2000 4925 2798 3640 1819 2747 1853 1758 1831
is_linear=0
shrinkage=0.00102565


Tree=20
num_leaves=18
num_cat=0
split_feature=25 36 17 36 20 0 13 37 0 20 38 13 24 20 20 16 23
split_gain=0.00454521 0.00133324 0.000780542 0.000330061 0.000214368 0.000140091 0.000116952 0.000108868 9.15821e-05 6.43818e-05 7.03344e-05 5.89478e-05 5.79664e-05 5.77931e-05 4.38564e-05 2.24864e-05 2.11149e-05
threshold=-0.50308641507776375 -0.0028797711110650766 -0.1747009341319333 0.002609263993518574 2.8698475437605877 16.500000000000004 -0.073743541346097313 -0.0014234882655935197 9.5000000000000018 1.18956442831216 0.0016168159313225685 -0.13833363203440976 500.00000000004258 0.72324236298292921 1.8840695488721806 0.49906015037593993 -1.0000000180025095e-35
decision_type=8 8 10 10 10 10 10 10 8 10 8 8 10 10 10 10 10
left_child=3 -2 4 5 6 13 8 -4 11 10 15 -3 14 -1 -9 -7 -10
right_child=1 2 7 -5 -6 9 -8 12 16 -11 -12 -13 -14 -15 -16 -17 -18
leaf_value=-9.2155285158914642e-07 1.6062309056736217e-06 -4.6916200789017437e-07 8.6737635979827927e-07 -1.2232053616278446e-06 4.6669663430277022e-07 -5.0813851173001968e-07 2.9148109100417746e-07 2.4224576388399595e-07 -3.9153341417166069e-08 -2.7026634201031635e-07 -7.6734178701957314e-07 -9.6264040225212489e-08 6.7845104958524612e-07 -5.7005543423652142e-07 5.6116042165953609e-07 -3.0473358321685381e-07 1.5871966872663528e-07
leaf_weight=1111 892 834 1369 824 1174 1554 1029 915 1478 1552 907 961 1406 889 904 912 920
leaf_count=1111 892 834 1369 824 1174 1554 1029 915 1478 1552 907 961 1406 889 904 912 920
internal_value=1.69486e-09 4.00253e-07 3.02358e-07 -6.0942e-07 7.0678e-08 -5.36366e-07 -1.8327e-08 6.24883e-07 -9.43906e-08 -4.43335e-07 -5.22926e-07 -2.69601e-07 5.21901e-07 -7.65383e-07 4.00817e-07 -4.32971e-07 3.67019e-08
internal_weight=19631 11882 10990 7749 6396 6925 5222 4594 4193 4925 3373 1795 3225 2000 1819 2466 2398
internal_count=19631 11882 10990 7749 6396 6925 5222 4594 4193 4925 3373 1795 3225 2000 1819 2466 2398
is_linear=0
shrinkage=0.00102565


Tree=21
num_leaves=19
num_cat=0
split_feature=28 20 26 36 36 26 26 13 44 28 19 20 4 13 29 15 13 29
split_gain=0.00288071 0.00116954 0.000715384 0.000382073 0.00031246 0.000250971 0.000204877 0.000183809 0.000128609 0.000112514 9.32001e-05 8.77839e-05 6.63429e-05 5.16644e-05 4.57918e-05 3.83366e-05 1.95168e-05 2.80363e-06
threshold=-0.54879228150145987 0.73367613239967966 -0.0031276324750326681 0.001668057874234852 -0.0018885758105360859 -0.0062659801386615041 -0.001343647725181641 -0.095578927571082148 -0.0012492197253432533 0.98039215686274483 -0.091383880563641981 1.9887002042900923 -0.014082461397730291 -0.19401323239990056 7.5000000000000009 0.039113303323304566 -0.23427828341516818 9.5000000000000018
decision_type=8 8 10 10 8 8 10 10 8 10 10 10 8 10 2 10 10 2
left_child=4 3 5 6 -1 10 9 -4 -7 13 -3 -9 -10 15 -6 -2 17 -14
right_child=1 2 7 -5 14 8 -8 11 12 -11 -12 -13 16 -15 -16 -17 -18 -19
leaf_value=1.4172465427464796e-06 -6.6231605316170854e-07 -6.3669496762597517e-07 7.0822060862245702e-08 -1.0113892356812707e-06 5.0056194863929362e-07 3.6267339970224595e-07 1.5521925202449918e-08 3.8216158998586294e-07 -3.0157648779215664e-07 -7.6742614364063274e-07 -1.8154510248775482e-07 8.0789190552292711e-07 -1.8293781373810732e-08 -2.4766608451422473e-07 7.9829057407454869e-07 -3.7238318498523311e-07 1.2836012469324431e-07 -1.0040757015611018e-07
leaf_weight=850 858 1108 846 1246 846 835 1090 855 1047 1087 828 1267 894 1527 1537 1097 879 866
leaf_count=850 858 1108 846 1246 846 835 1090 855 1047 1087 828 1267 894 1527 1537 1097 879 866
internal_value=-1.34061e-09 -1.7647e-07 5.84558e-08 -4.97154e-07 8.83202e-07 -1.33105e-07 -3.83905e-07 4.75252e-07 -7.51454e-10 -4.79225e-07 -4.42107e-07 6.36423e-07 -8.31177e-08 -3.89214e-07 6.92652e-07 -4.997e-07 3.50001e-09 -5.87783e-08
internal_weight=19563 16330 9425 6905 3233 6457 5659 2968 4521 4569 1936 2122 3686 3482 2383 1955 2639 1760
internal_count=19563 16330 9425 6905 3233 6457 5659 2968 4521 4569 1936 2122 3686 3482 2383 1955 2639 1760
is_linear=0
shrinkage=0.00102565


Tree=22
num_leaves=18
num_cat=0
split_feature=25 37 27 37 27 20 20 28 44 1 27 20 20 23 24 16 29
split_gain=0.00431759 0.00115592 0.000738996 0.000285428 0.000216735 0.000168857 0.0001218 0.000100611 8.61156e-05 6.60459e-05 5.82594e-05 5.81061e-05 5.66615e-05 3.98389e-05 2.91497e-05 1.69729e-05 2.34308e-06
threshold=-0.50000000000000877 -0.0030959752321980667 -1016.9273240088652 0.0030911974926423062 1873.3895694324908 0.96166095051445388 3.1968455042225541 -0.99775511321496635 -0.0012277475467659669 81.132177558986015 -43.329899094476438 2.8698475437605877 0.73367613239967966 -1.0000000180025095e-35 499.99999999998948 0.4839655958077011 11.500000000000002
decision_type=8 8 10 10 10 10 10 10 10 10 8 10 10 10 10 10 2
left_child=3 -2 5 6 7 8 9 -4 16 13 -11 14 -12 -1 -9 -15 -3
right_child=1 2 4 -5 -6 -7 -8 11 -10 10 12 -13 -14 15 -16 -17 -18
leaf_value=-6.1145640752595467e-07 1.4355901098095537e-06 1.5551371837469026e-08 9.0452872292976094e-07 -1.1361302616625633e-06 1.2696433057193269e-07 2.7499849973583544e-07 -1.5907301645869681e-07 3.454004587263761e-07 -3.7144845413967797e-07 -4.698181915789961e-07 -9.7216844331317854e-07 7.0378092864566632e-07 -6.1001083041676444e-07 -4.8661212268101508e-07 5.5784948783721089e-07 -2.9752219794322848e-07 -5.8998688955648231e-08
leaf_weight=1381 1020 909 972 896 1225 1302 859 1392 1261 846 937 1453 889 935 1338 1086 862
leaf_count=1381 1020 909 972 896 1225 1302 859 1392 1261 846 937 1453 889 935 1338 1086 862
internal_value=-1.33924e-09 3.92234e-07 2.9289e-07 -5.91239e-07 5.14905e-07 -3.3901e-08 -5.20799e-07 6.07066e-07 -1.66595e-07 -5.71932e-07 -6.92729e-07 5.3791e-07 -7.95928e-07 -4.77013e-07 4.49576e-07 -3.85074e-07 -2.06541e-08
internal_weight=19563 11734 10714 7829 6380 4334 6933 5155 3032 6074 2672 4183 1826 3402 2730 2021 1771
internal_count=19563 11734 10714 7829 6380 4334 6933 5155 3032 6074 2672 4183 1826 3402 2730 2021 1771
is_linear=0
shrinkage=0.00102565


Tree=23
num_leaves=19
num_cat=0
split_feature=25 36 27 36 27 20 20 20 0 0 0 0 37 47 27 15 16 29
split_gain=0.00430874 0.00129811 0.000766468 0.000321906 0.000219052 0.000171161 0.000120245 0.000103379 0.000101621 9.08267e-05 7.10318e-05 7.04186e-05 4.09772e-05 4.03584e-05 3.91968e-05 4.45777e-05 1.85726e-05 1.38126e-06
threshold=-0.50000000000000877 -0.0028797711110650766 -734.88973633156786 0.0025461499813617121 1108.9943175440774 0.97239474185559172 3.1968455042225541 2.8698475437605877 16.500000000000004 8.5000000000000018 30.500000000000004 73.500000000000014 -0.0012307696968595903 -9.5238095238213401 -23.994810456964675 0.030702860700575506 0.46522556390977449 8.5000000000000018
decision_type=8 8 10 10 10 10 10 10 10 8 10 10 10 10 8 10 10 2
left_child=3 -2 5 6 7 9 8 11 13 -3 -9 12 -4 -1 -10 -16 -17 -11
right_child=1 2 4 -5 -6 -7 -8 10 14 17 -12 -13 -14 -15 15 16 -18 -19
leaf_value=-6.0836796839440811e-07 1.5988700770795637e-06 -3.9944267651204921e-07 7.8668737212288898e-07 -1.1910654919072383e-06 1.4142600277469085e-07 2.7447618813003512e-07 -1.5820749654393336e-07 1.0290717018643221e-06 -3.3528276953903568e-07 -3.7575395068583092e-09 6.2151107482380502e-07 2.8557159554269401e-07 5.035114887129815e-07 -9.1865154899279365e-07 -7.3809180868656765e-07 -5.7829173028223265e-07 -3.8404510876287698e-07 -5.9070830907834877e-08
leaf_weight=825 868 1137 844 839 1298 1301 856 840 1306 884 975 1049 1497 958 912 907 1226 1041
leaf_count=825 868 1137 844 839 1298 1301 856 840 1306 884 975 1049 1497 958 912 907 1226 1041
internal_value=-1.33787e-09 3.91832e-07 2.95398e-07 -5.90633e-07 5.18524e-07 -3.71372e-08 -5.18544e-07 6.12536e-07 -5.68805e-07 -1.69584e-07 8.10213e-07 5.06658e-07 6.05666e-07 -7.75162e-07 -4.8421e-07 -5.48038e-07 -4.6671e-07 -3.37437e-08
internal_weight=19563 11734 10866 7829 6503 4363 6990 5205 6134 3062 1815 3390 2341 1783 4351 3045 2133 1925
internal_count=19563 11734 10866 7829 6503 4363 6990 5205 6134 3062 1815 3390 2341 1783 4351 3045 2133 1925
is_linear=0
shrinkage=0.00102565


Tree=24
num_leaves=19
num_cat=0
split_feature=25 36 27 36 27 0 0 37 47 43 47 16 24 31 0 1 29 15
split_gain=0.00429991 0.00129545 0.000764897 0.000321246 0.000218603 0.000113113 0.000100889 0.000132852 9.66146e-05 6.04535e-05 5.46848e-05 5.0122e-05 3.09163e-05 2.90116e-05 2.38406e-05 2.03724e-05 1.17449e-05 6.43413e-06
threshold=-0.50000000000000877 -0.0028797711110650766 -734.88973633156786 0.0025461499813617121 1108.9943175440774 17.500000000000004 60.500000000000007 -0.0014609211593460956 53.333333333340391 0.0016380027367122187 -18.518518518505271 0.51698137388926868 999.99999999996101 104.50000000000001 113.50000000000001 81.132177558986015 8.5000000000000018 0.04689110268891062
decision_type=8 8 10 10 10 10 10 10 10 8 10 10 8 2 10 10 2 10
left_child=3 -2 8 5 6 10 7 -4 9 -3 -1 14 -9 -8 15 17 -11 -7
right_child=1 2 4 -5 -6 11 13 12 -10 16 -12 -13 -14 -15 -16 -17 -18 -19
leaf_value=-5.3426781066288028e-07 1.5972301965611371e-06 1.9916560008560322e-07 1.0542933316569436e-06 -1.1898438758529256e-06 1.4128094806202095e-07 -5.4047555971340261e-07 2.795500565979883e-07 5.0874569709647743e-07 -3.487657359240535e-07 9.1926164494714011e-09 -8.6983679219970757e-07 -2.4809943374164464e-07 7.4693377959672659e-07 5.4055253553114561e-07 -3.4105131254064339e-07 -6.5386326038403015e-07 -1.4535519218770158e-07 -4.1826651369371755e-07
leaf_weight=931 868 1440 899 839 1298 830 864 1605 844 956 1141 1174 899 938 861 1010 1123 1043
leaf_count=931 868 1440 899 839 1298 830 864 1605 844 956 1141 1174 899 938 861 1010 1123 1043
internal_value=-1.33651e-09 3.9143e-07 2.95095e-07 -5.90027e-07 5.17992e-07 -5.18012e-07 6.11908e-07 7.15876e-07 -3.70991e-08 3.76109e-08 -7.19126e-07 -4.33252e-07 5.94318e-07 4.15489e-07 -4.91272e-07 -5.36085e-07 -7.42201e-08 -4.72498e-07
internal_weight=19563 11734 10866 7829 6503 6990 5205 3403 4363 3519 2072 4918 2504 1802 3744 2883 2079 1873
internal_count=19563 11734 10866 7829 6503 6990 5205 3403 4363 3519 2072 4918 2504 1802 3744 2883 2079 1873
is_linear=0
shrinkage=0.00102565


Tree=25
num_leaves=19
num_cat=0
split_feature=25 36 27 36 27 20 20 20 44 42 16 28 12 25 24 19 16 29
split_gain=0.00429109 0.00129279 0.000763329 0.000320587 0.000218155 0.000170729 0.000119968 0.000103158 8.35556e-05 8.03059e-05 6.57232e-05 5.00495e-05 3.86717e-05 2.82077e-05 2.54636e-05 1.47235e-05 1.27848e-05 1.90982e-06
threshold=-0.50000000000000877 -0.0028797711110650766 -734.88973633156786 0.0025461499813617121 1108.9943175440774 0.97239474185559172 3.1968455042225541 2.8698475437605877 -0.0012277475467659669 0.0030983752129982727 0.46522556390977449 -0.98039215686274461 -0.45711484678988318 -0.99191596277982341 499.99999999998948 -0.06049036647274874 0.51425215065423269 11.500000000000002
decision_type=8 8 10 10 10 10 10 10 10 8 10 10 10 10 10 10 10 2
left_child=3 -2 5 6 7 8 9 11 17 10 13 -4 -9 -1 -13 -12 -17 -3
right_child=1 2 4 -5 -6 -7 -8 12 -10 -11 15 14 -14 -15 -16 16 -18 -19
leaf_value=-5.4511011532423324e-07 1.5955919921496241e-06 7.1368352409228865e-09 6.6204056580890032e-07 -1.1886235214484129e-06 1.4113604182529071e-07 2.7415872700248033e-07 -1.5755999273425651e-07 6.4727378540270055e-07 -3.6858897914722544e-07 -8.2976229163672683e-07 -5.1416561350080788e-07 3.0156585843624762e-07 9.4833006743858551e-07 -7.6810435379514023e-07 5.3027655792045452e-07 -4.3053100479885633e-07 -2.5551569005704559e-07 -6.0033819958231683e-08
leaf_weight=1516 868 920 1317 839 1298 1301 856 842 1285 1026 824 1127 973 994 946 933 841 857
leaf_count=1516 868 920 1317 839 1298 1301 856 842 1285 1026 824 1127 973 994 946 933 841 857
internal_value=-1.33514e-09 3.91028e-07 2.94792e-07 -5.89422e-07 5.17461e-07 -3.7061e-08 -5.17481e-07 6.1128e-07 -1.6934e-07 -5.67685e-07 -5.15015e-07 5.05516e-07 8.08745e-07 -6.33476e-07 4.06005e-07 -4.00512e-07 -3.47642e-07 -2.51778e-08
internal_weight=19563 11734 10866 7829 6503 4363 6990 5205 3062 6134 5108 3390 1815 2510 2073 2598 1774 1777
internal_count=19563 11734 10866 7829 6503 4363 6990 5205 3062 6134 5108 3390 1815 2510 2073 2598 1774 1777
is_linear=0
shrinkage=0.00102565


Tree=26
num_leaves=18
num_cat=0
split_feature=25 36 27 36 27 20 0 37 20 25 0 26 24 0 27 1 55
split_gain=0.0042823 0.00129796 0.000726088 0.000305634 0.000196601 0.000166036 0.000120955 0.000133044 0.000106731 9.42863e-05 9.08298e-05 4.12785e-05 3.79344e-05 3.67396e-05 3.60325e-05 1.69919e-05 2.34371e-06
threshold=-0.50505048464492497 -0.0028797711110650766 -734.88973633156786 0.0025461499813617121 1108.9943175440774 0.97239474185559172 60.500000000000007 -0.0015987220447284398 2.9306335204490783 -0.99204458592244305 8.5000000000000018 0.00041662126287273605 500.83333333334048 20.500000000000004 -23.994810456964675 47.544735334818064 5494.5000000000009
decision_type=8 8 10 10 10 10 10 10 10 10 8 10 8 10 8 10 2
left_child=3 -2 5 8 6 10 7 -4 9 13 -3 -8 -9 -1 -15 -16 -12
right_child=1 2 4 -5 -6 -7 11 12 -10 -11 16 -13 -14 14 15 -17 -18
leaf_value=-6.3824573621241689e-07 1.5882815403495223e-06 -3.9870529920624844e-07 1.0592566237060499e-06 -1.1874043903607718e-06 1.4006349549579273e-07 2.6746885171470301e-07 2.0883408927328931e-07 4.6248002717043445e-07 -1.8921097325321528e-07 -8.0001865321050703e-07 -2.0614765434587504e-09 5.1051012358543011e-07 7.088546854468526e-07 -2.6803836592365646e-07 -4.3510457020059395e-07 -6.2561758053867973e-07 -7.4283610390676126e-08
leaf_weight=1436 869 1137 825 839 1299 1310 844 1306 843 1519 1099 1104 1335 912 1208 843 835
leaf_count=1436 869 1137 825 839 1299 1310 844 1306 843 1519 1099 1104 1335 912 1208 843 835
internal_value=-1.33377e-09 3.81138e-07 2.86569e-07 -6.03394e-07 4.98543e-07 -3.82055e-08 5.84528e-07 6.99507e-07 -5.30901e-07 -5.79549e-07 -1.68644e-07 3.79878e-07 5.87074e-07 -5.03387e-07 -4.37981e-07 -5.13478e-07 -3.33168e-08
internal_weight=19563 11963 11094 7600 6713 4381 5414 3466 6761 5918 3071 1948 2641 4399 2963 2051 1934
internal_count=19563 11963 11094 7600 6713 4381 5414 3466 6761 5918 3071 1948 2641 4399 2963 2051 1934
is_linear=0
shrinkage=0.00102565


Tree=27
num_leaves=19
num_cat=0
split_feature=25 36 27 36 27 20 20 20 0 0 0 0 37 27 15 20 16 55
split_gain=0.00427371 0.00128749 0.000760235 0.000319259 0.000217276 0.000170035 0.000119484 0.000102924 0.000101037 9.03879e-05 7.07157e-05 6.99972e-05 4.07054e-05 3.90457e-05 4.4417e-05 3.58756e-05 1.84429e-05 2.2556e-06
threshold=-0.50000000000000877 -0.0028797711110650766 -734.88973633156786 0.0025461499813617121 1108.9943175440774 0.97239474185559172 3.1968455042225541 2.8698475437605877 16.500000000000004 8.5000000000000018 30.500000000000004 73.500000000000014 -0.0012307696968595903 -23.994810456964675 0.030702860700575506 0.5370679477262551 0.46522556390977449 3055.5000000000005
decision_type=8 8 10 10 10 10 10 10 10 8 10 10 10 8 10 10 10 2
left_child=3 -2 5 6 7 9 8 11 15 -3 -9 12 -4 -10 -15 -1 -16 -11
right_child=1 2 4 -5 -6 -7 -8 10 13 17 -12 -13 -14 14 16 -17 -18 -19
leaf_value=-9.1723299919362097e-07 1.5923264465440484e-06 -3.9829636512710254e-07 7.8353162639730234e-07 -1.1861865398506982e-06 1.4084763006205917e-07 2.7360320594860199e-07 -1.5724019830924985e-07 1.0256566794403863e-06 -3.3354511440753659e-07 2.5734000942728577e-09 6.1900341970704756e-07 2.8397515408986832e-07 5.0129499446006385e-07 -7.3560042343700626e-07 -5.7590058015137384e-07 -6.2540754309088761e-07 -3.8233144359760578e-07 -6.7535897489168926e-08
leaf_weight=897 868 1137 844 839 1298 1301 856 840 1306 933 975 1049 1497 912 907 886 1226 992
leaf_count=897 868 1137 844 839 1298 1301 856 840 1306 933 975 1049 1497 912 907 886 1226 992
internal_value=-1.33241e-09 3.90235e-07 2.94197e-07 -5.88227e-07 5.16414e-07 -3.69832e-08 -5.16435e-07 6.10044e-07 -5.66537e-07 -1.68993e-07 8.07285e-07 5.04399e-07 6.0311e-07 -4.82184e-07 -5.45889e-07 -7.723e-07 -4.64708e-07 -3.34818e-08
internal_weight=19563 11734 10866 7829 6503 4363 6990 5205 6134 3062 1815 3390 2341 4351 3045 1783 2133 1925
internal_count=19563 11734 10866 7829 6503 4363 6990 5205 6134 3062 1815 3390 2341 4351 3045 1783 2133 1925
is_linear=0
shrinkage=0.00102565


end of trees

feature_importances:
alpha042=77
volume=43
past_ret_2=41
past_ret_1=39
alpha083=32
alpha020=31
alpha054=28
alpha030=20
alpha038=19
alpha053=19
alpha033=17
alpha101=14
vwap=12
stock_encoded=12
alpha051=11
time_encoded=9
past_ret_4=9
alpha060=8
OBV=8
past_ret_3=7
past_ret_9=7
MFI=7
CCI=5
alpha005=4
alpha041=4
past_ret_10=3
alpha040=2
past_ret_7=2
past_ret_8=2
alpha016=1
alpha018=1
alpha044=1
past_ret_5=1
BOP=1

parameters:
[boosting: gbdt]
[objective: regression]
[metric: rmse]
[tree_learner: serial]
[device_type: cpu]
[data_sample_strategy: bagging]
[data: ]
[valid: ]
[num_iterations: 200]
[learning_rate: 0.00102565]
[num_leaves: 51]
[num_threads: 0]
[seed: 0]
[deterministic: 0]
[force_col_wise: 0]
[force_row_wise: 0]
[histogram_pool_size: -1]
[max_depth: -1]
[min_data_in_leaf: 823]
[min_sum_hessian_in_leaf: 0.001]
[bagging_fraction: 0.736936]
[pos_bagging_fraction: 1]
[neg_bagging_fraction: 1]
[bagging_freq: 7]
[bagging_seed: 3]
[bagging_by_query: 0]
[feature_fraction: 0.813416]
[feature_fraction_bynode: 1]
[feature_fraction_seed: 2]
[extra_trees: 0]
[extra_seed: 6]
[early_stopping_round: 0]
[early_stopping_min_delta: 0]
[first_metric_only: 0]
[max_delta_step: 0]
[lambda_l1: 0.000138653]
[lambda_l2: 0.000233336]
[linear_lambda: 0]
[min_gain_to_split: 0]
[drop_rate: 0.1]
[max_drop: 50]
[skip_drop: 0.5]
[xgboost_dart_mode: 0]
[uniform_drop: 0]
[drop_seed: 4]
[top_rate: 0.2]
[other_rate: 0.1]
[min_data_per_group: 100]
[max_cat_threshold: 32]
[cat_l2: 10]
[cat_smooth: 10]
[max_cat_to_onehot: 4]
[top_k: 20]
[monotone_constraints: ]
[monotone_constraints_method: basic]
[monotone_penalty: 0]
[feature_contri: ]
[forcedsplits_filename: ]
[refit_decay_rate: 0.9]
[cegb_tradeoff: 1]
[cegb_penalty_split: 0]
[cegb_penalty_feature_lazy: ]
[cegb_penalty_feature_coupled: ]
[path_smooth: 0]
[interaction_constraints: ]
[verbosity: -1]
[saved_feature_importance_type: 0]
[use_quantized_grad: 0]
[num_grad_quant_bins: 4]
[quant_train_renew_leaf: 0]
[stochastic_rounding: 1]
[linear_tree: 0]
[max_bin: 255]
[max_bin_by_feature: ]
[min_data_in_bin: 3]
[bin_construct_sample_cnt: 200000]
[data_random_seed: 1]
[is_enable_sparse: 1]
[enable_bundle: 1]
[use_missing: 1]
[zero_as_missing: 0]
[feature_pre_filter: 1]
[pre_partition: 0]
[two_round: 0]
[header: 0]
[label_column: ]
[weight_column: ]
[group_column: ]
[ignore_column: ]
[categorical_feature: ]
[forcedbins_filename: ]
[precise_float_parser: 0]
[parser_config_file: ]
[objective_seed: 5]
[num_class: 1]
[is_unbalance: 0]
[scale_pos_weight: 1]
[sigmoid: 1]
[boost_from_average: 1]
[reg_sqrt: 0]
[alpha: 0.9]
[fair_c: 1]
[poisson_max_delta_step: 0.7]
[tweedie_variance_power: 1.5]
[lambdarank_truncation_level: 30]
[lambdarank_norm: 1]
[label_gain: ]
[lambdarank_position_bias_regularization: 0]
[eval_at: ]
[multi_error_top_k: 1]
[auc_mu_weights: ]
[num_machines: 1]
[local_listen_port: 12400]
[time_out: 120]
[machine_list_filename: ]
[machines: ]
[gpu_platform_id: -1]
[gpu_device_id: -1]
[gpu_use_dp: 0]
[num_gpu: 1]

end of parameters

pandas_categorical:[]
